1	21946	177432
2	21947	176175
3	21948	176063
4	21951	173754
5	21952	173642
6	21955	171393
7	21956	171281
8	21960	171163
9	21961	171051
10	21964	168802
11	21965	168690
12	21969	168607
13	21970	168495
14	21983	168001
15	21984	167889
16	21985	167507
17	21986	167395
18	21990	167312
19	21991	167200
20	22004	166706
21	22005	166594
22	22009	166511
23	22010	166399
24	22043	165641
25	22044	165529
26	22048	165446
27	22049	165334
28	22062	164840
29	22063	164728
30	22064	164346
31	22065	164234
32	22069	164151
33	22070	164039
34	22083	163545
35	22084	162304
36	22085	162192
37	22089	162109
38	22090	161997
39	22103	161503
40	22104	161391
41	22105	161009
42	22106	160897
43	22110	160814
44	22111	160702
45	22124	160208
46	22125	160096
47	22129	160013
48	22130	159901
49	22163	159143
50	22164	159031
51	22168	158948
52	22169	158836
53	22182	158342
54	22183	158230
55	22184	157848
56	22185	157736
57	22189	157653
58	22190	157541
59	22203	157047
60	22204	156935
61	22208	156852
62	22209	156740
63	22225	156285
64	22226	156173
65	22230	156090
66	22231	155978
67	22264	155916
68	22268	155833
69	22269	155721
70	22270	155664
71	22271	155552
72	22275	155469
73	22276	155357
74	22287	155339
75	22291	155256
76	22292	155144
77	22296	154679
78	22297	154567
79	22314	154489
80	22318	153917
81	22319	153805
82	22332	153800
83	22333	153688
84	22349	153233
85	22350	153121
86	22354	153038
87	22355	152926
88	22388	152864
89	22392	152781
90	22393	152669
91	22394	152612
92	22395	152500
93	22399	152417
94	22400	152305
95	22411	152287
96	22415	152204
97	22416	152092
98	22420	151627
99	22421	151515
100	22442	150865
101	22443	150753
102	22473	150701
103	22474	150589
104	22478	150506
105	22479	150394
106	22487	150244
107	22488	150132
108	22503	150031
109	22504	149919
110	22519	149917
111	22520	149805
112	22524	149722
113	22525	149610
114	22529	149543
115	22543	149426
116	22544	149095
117	22545	148983
118	22560	148859
119	22565	148664
120	22566	148333
121	22567	148221
122	22580	148216
123	22581	148104
124	22597	147649
125	22598	147537
126	22602	147454
127	22603	147342
128	22631	147253
129	22640	147138
130	22641	147026
131	22643	146916
132	22646	146831
133	22648	146721
134	22653	146491
135	22668	146043
136	22669	145931
137	22690	145281
138	22691	145169
139	22720	145112
140	22723	145111
141	22730	145097
142	22733	144770
143	22734	144658
144	22736	144548
145	22751	144447
146	22752	144335
147	22767	144333
148	22768	144221
149	22772	144138
150	22773	144026
151	22777	143959
152	22791	143842
153	22801	143736
154	22802	143662
155	22803	143550
156	22806	143472
157	22808	143275
158	22813	143080
159	22825	142918
160	22826	142806
161	22837	142788
162	22838	142727
163	22839	142615
164	22842	142593
165	22844	142533
166	22856	142234
167	22857	142122
168	22860	141965
169	22861	141853
170	22879	141669
171	22888	141554
172	22889	141442
173	22893	141359
174	22894	141247
175	22901	140907
176	22925	140684
177	22929	140532
178	22930	140420
179	22932	140360
180	22946	140286
181	22949	139866
182	22950	139754
183	22968	139528
184	22981	139186
185	22982	139074
186	23010	139032
187	23011	138920
188	23013	138907
189	23027	138806
190	23029	138694
191	23032	138611
192	23037	138516
193	23049	138353
194	23053	138303
195	23059	138281
196	23061	138247
197	23062	138135
198	23067	138053
199	23068	137864
200	23071	137591
201	23093	137567
202	23094	137455
203	23095	137368
204	23099	137180
205	23100	137104
206	23102	137044
207	23104	136985
208	23116	136823
209	23117	136711
210	23119	136550
211	23120	136438
212	23138	136212
213	23147	136139
214	23148	136027
215	23152	135944
216	23153	135832
217	23162	135821
218	23165	135817
219	23166	135801
220	23170	135574
221	23180	135502
222	23190	135410
223	23192	134812
224	23216	134589
225	23220	134437
226	23221	134325
227	23223	134265
228	23240	133771
229	23241	133659
230	23259	133433
231	23282	133154
232	23283	133042
233	23311	133000
234	23312	132888
235	23314	132875
236	23328	132774
237	23330	132662
238	23333	132579
239	23346	132548
240	23350	132321
241	23352	132152
242	23353	132040
243	23368	132021
244	23369	131832
245	23371	131814
246	23372	131559
247	23396	131336
248	23400	131148
249	23401	131072
250	23403	131012
251	23405	130953
252	23417	130791
253	23418	130679
254	23420	130518
255	23421	130406
256	23439	130180
257	23448	130107
258	23449	129995
259	23453	129912
260	23454	129800
261	23466	129785
262	23467	129769
263	23471	129542
264	23481	129470
265	23493	128780
266	23517	128557
267	23521	128405
268	23522	128293
269	23524	128233
270	23541	127739
271	23542	127627
272	23560	127401
273	23590	127195
274	23606	127120
275	23632	127003
276	23640	126968
277	23648	126784
278	23655	126460
279	23669	126332
280	23670	126220
281	23676	126062
282	23680	125987
283	23683	125714
284	23698	125644
285	23711	125303
286	23716	125108
287	23728	125093
288	23737	124978
289	23744	124880
290	23761	124633
291	23800	123894
292	23804	122935
293	23885	122770
294	23895	122534
295	23898	122427
296	23946	122197
297	23959	122155
298	23970	121882
299	23976	121819
300	23986	120930
301	24067	120765
302	24077	120529
303	24078	120491
304	24080	120422
305	24098	120257
306	24128	120192
307	24136	119815
308	24158	119814
309	24175	119160
310	24209	119011
311	24219	118980
312	24260	118897
313	24264	118547
314	24280	118252
315	24318	117810
316	24341	117648
317	24357	117155
318	24414	116940
319	24442	116892
320	24448	116754
321	24449	116716
322	24451	116647
323	24452	116498
324	24469	116482
325	24480	115750
326	24518	115308
327	24580	115236
328	24596	114935
329	24609	114907
330	24619	114824
331	24634	114493
332	24651	114477
333	24662	113745
334	24700	113303
335	24760	113253
336	24762	112971
337	24773	112911
338	24791	112902
339	24792	112864
340	24798	112811
341	24800	112529
342	24851	111975
343	24889	111533
344	24917	111348
345	24942	111248
346	24944	110966
347	24955	110906
348	24980	110806
349	24982	110524
350	25033	109970
351	25071	109528
352	25131	109478
353	25133	109196
354	25144	109136
355	25162	109127
356	25163	109089
357	25169	109036
358	25171	108754
359	25215	108574
360	25247	108570
361	25249	108288
362	25260	108228
363	25262	108146
364	25285	108128
365	25287	107846
366	25288	107573
367	25313	107473
368	25315	107191
369	25326	107131
370	25351	107031
371	25353	106749
372	25417	106730
373	25418	106692
374	25426	106661
375	25434	106584
376	25438	106486
377	25444	106348
378	25445	106310
379	25476	106076
380	25491	105964
381	25503	105925
382	25516	105875
383	25528	105634
384	25529	105522
385	25554	105433
386	25579	105413
387	25581	105314
388	25592	105274
389	25593	104895
390	25618	104795
391	25620	104513
392	25631	104453
393	25656	104353
394	25658	104071
395	25707	103960
396	25739	103906
397	25743	103808
398	25745	103679
399	25746	103567
400	25758	103528
401	25771	103467
402	25772	103297
403	25773	103185
404	25784	103125
405	25798	103096
406	25809	103025
407	25810	102855
408	25811	102743
409	25836	102592
410	25863	102535
411	25874	102150
412	25924	102041
413	25925	101829
414	25955	101708
415	25979	101611
416	25980	101499
417	26002	101409
418	26018	101196
419	26050	101192
420	26052	100910
421	26063	100850
422	26065	100768
423	26084	100648
424	26090	100468
425	26091	100195
426	26116	100095
427	26118	99813
428	26129	99753
429	26154	99653
430	26156	99371
431	26205	99332
432	26206	99262
433	26207	99050
434	26237	98929
435	26287	98820
436	26292	98787
437	26298	98649
438	26323	98518
439	26343	98438
440	26358	98410
441	26367	98297
442	26370	98090
443	26396	97517
444	26421	97417
445	26423	97135
446	26434	97075
447	26459	96975
448	26461	96693
449	26510	96654
450	26511	96584
451	26512	96372
452	26542	96251
453	26592	96142
454	26597	96109
455	26603	95971
456	26633	95850
457	26677	95761
458	26683	95741
459	26685	95491
460	26731	95452
461	26738	95392
462	26761	95331
463	26763	95292
464	26765	95010
465	26776	94950
466	26801	94850
467	26803	94568
468	26844	94535
469	26866	94479
470	26884	94403
471	26888	94305
472	26894	94167
473	26925	94093
474	26931	93914
475	26979	93904
476	26980	93875
477	26981	93805
478	26982	93593
479	27012	93472
480	27057	93393
481	27062	93363
482	27067	93330
483	27073	93192
484	27095	93163
485	27103	93071
486	27120	93063
487	27122	92781
488	27133	92721
489	27141	92680
490	27150	92669
491	27158	92621
492	27160	92339
493	27168	92298
494	27177	92287
495	27179	92238
496	27188	92227
497	27204	92138
498	27206	91856
499	27215	91845
500	27255	91817
501	27256	91747
502	27257	91535
503	27266	91524
504	27287	91414
505	27296	91403
506	27337	91305
507	27342	91272
508	27348	91134
509	27357	91123
510	27367	91110
511	27378	91013
512	27387	91002
513	27394	90728
514	27430	90654
515	27439	90643
516	27444	90619
517	27445	90407
518	27475	90286
519	27502	90214
520	27510	90173
521	27519	90162
522	27521	90113
523	27530	90102
524	27536	90006
525	27548	89731
526	27557	89720
527	27612	89712
528	27618	89526
529	27633	89468
530	27639	89330
531	27648	89319
532	27693	89310
533	27697	89263
534	27698	89045
535	27709	88985
536	27734	88885
537	27736	88603
538	27800	88584
539	27809	88515
540	27815	88340
541	27827	88202
542	27896	88175
543	27900	88077
544	27901	87992
545	27906	87939
546	27915	87858
547	27924	87847
548	27961	87813
549	27980	87729
550	27987	87654
551	27991	87591
552	28000	87580
553	28006	87457
554	28015	87446
555	28053	87401
556	28065	87172
557	28076	87112
558	28101	87012
559	28103	86730
560	28155	86685
561	28163	86644
562	28172	86633
563	28175	86526
564	28179	86463
565	28182	86303
566	28190	86262
567	28199	86251
568	28201	86202
569	28210	86191
570	28226	86102
571	28228	85820
572	28237	85809
573	28278	85711
574	28287	85700
575	28313	85557
576	28319	85419
577	28328	85408
578	28364	85406
579	28369	85310
580	28378	85134
581	28389	85074
582	28414	84974
583	28416	84692
584	28466	84583
585	28495	84429
586	28507	84291
587	28557	84182
588	28580	84166
589	28581	84081
590	28586	84028
591	28595	84016
592	28631	83972
593	28636	83919
594	28641	83902
595	28660	83818
596	28667	83743
597	28672	83680
598	28686	83615
599	28722	83571
600	28727	83540
601	28731	83533
602	28736	83506
603	28749	83502
604	28751	83417
605	28758	83342
606	28767	83331
607	28779	83317
608	28788	83306
609	28799	83228
610	28804	83217
611	28806	82935
612	28815	82924
613	28837	82786
614	28855	82615
615	28865	82612
616	28897	82534
617	28905	82506
618	28915	82503
619	28916	82359
620	28924	82318
621	28933	82307
622	28935	82258
623	28944	82247
624	28946	82214
625	28956	82211
626	28960	82158
627	28962	81876
628	28971	81865
629	28994	81807
630	29012	81767
631	29021	81756
632	29044	81495
633	29053	81475
634	29062	81464
635	29085	81406
636	29094	81386
637	29103	81366
638	29112	81190
639	29123	81130
640	29135	81094
641	29148	81030
642	29150	80748
643	29200	80639
644	29229	80485
645	29241	80347
646	29291	80238
647	29315	80137
648	29320	80084
649	29327	80040
650	29365	80028
651	29370	79975
652	29377	79931
653	29394	79874
654	29400	79811
655	29401	79799
656	29406	79736
657	29418	79639
658	29456	79627
659	29461	79596
660	29468	79530
661	29483	79418
662	29491	79410
663	29492	79398
664	29497	79376
665	29524	79329
666	29533	79309
667	29541	79301
668	29542	79289
669	29547	79267
670	29551	79113
671	29574	79017
672	29584	78866
673	29589	78671
674	29639	78562
675	29668	78408
676	29680	78270
677	29730	78161
678	29754	78060
679	29759	78007
680	29766	77963
681	29779	77960
682	29804	77951
683	29809	77898
684	29816	77854
685	29829	77851
686	29833	77797
687	29839	77734
688	29845	77659
689	29857	77562
690	29870	77559
691	29895	77550
692	29900	77519
693	29907	77453
694	29917	77244
695	29926	77233
696	29949	77175
697	29967	77135
698	29976	77124
699	29999	76863
700	30008	76843
701	30017	76832
702	30040	76774
703	30049	76754
704	30058	76734
705	30067	76558
706	30090	76462
707	30105	76116
708	30155	76007
709	30184	75853
710	30196	75715
711	30246	75606
712	30275	75452
713	30282	75408
714	30325	75343
715	30332	75299
716	30355	75179
717	30361	75145
718	30373	75007
719	30416	74964
720	30423	74898
721	30446	74778
722	30452	74744
723	30458	74652
724	30502	74635
725	30508	74543
726	30525	74515
727	30537	74389
728	30549	74251
729	30599	74142
730	30628	73988
731	30635	73944
732	30670	73730
733	30708	73715
734	30714	73681
735	30720	73621
736	30726	73543
737	30743	73501
738	30749	73467
739	30761	73329
740	30799	73314
741	30805	73280
742	30811	73220
743	30834	73100
744	30840	73066
745	30878	73051
746	30884	72991
747	30890	72957
748	30904	72744
749	30945	72676
750	30954	72635
751	30977	72515
752	30983	72481
753	30995	72343
754	31023	72266
755	31045	72234
756	31068	72114
757	31074	72080
758	31096	72037
759	31102	72003
760	31114	71865
761	31147	71851
762	31164	71756
763	31187	71636
764	31193	71602
765	31215	71592
766	31237	71527
767	31243	71493
768	31257	71280
769	31298	71212
770	31307	71171
771	31330	71051
772	31336	71017
773	31348	70879
774	31398	70770
775	31421	70650
776	31427	70616
777	31471	70541
778	31477	70507
779	31500	70387
780	31524	70370
781	31542	70301
782	31550	70278
783	31568	70128
784	31615	70072
785	31618	70019
786	31641	69899
787	31665	69882
788	31691	69790
789	31715	69773
790	31731	69731
791	31738	69653
792	31758	69635
793	31760	69630
794	31781	69622
795	31788	69544
796	31799	69472
797	31801	69445
798	31831	69406
799	31833	69401
800	31842	69377
801	31849	69363
802	31851	69336
803	31872	69243
804	31880	69182
805	31892	69044
806	31942	68935
807	31971	68781
808	32021	68672
809	32062	68626
810	32068	68535
811	32086	68466
812	32112	68293
813	32162	68184
814	32199	68140
815	32202	68125
816	32209	68047
817	32230	67967
818	32257	67953
819	32259	67938
820	32278	67877
821	32302	67800
822	32304	67795
823	32309	67704
824	32321	67566
825	32366	67507
826	32398	67492
827	32400	67303
828	32450	67216
829	32457	67106
830	32497	67057
831	32507	66997
832	32515	66988
833	32541	66815
834	32579	66661
835	32598	66618
836	32629	66328
837	32670	66260
838	32679	66219
839	32708	66065
840	32720	65927
841	32770	65818
842	32799	65664
843	32849	65555
844	32879	65485
845	32896	65418
846	32914	65349
847	32940	65176
848	32990	65067
849	33027	65023
850	33030	65008
851	33037	64930
852	33058	64850
853	33085	64836
854	33087	64821
855	33099	64734
856	33130	64683
857	33132	64678
858	33137	64587
859	33149	64449
860	33218	64422
861	33221	64411
862	33228	64186
863	33278	64099
864	33309	64021
865	33325	63940
866	33343	63871
867	33369	63698
868	33432	63646
869	33444	63547
870	33450	63533
871	33461	63492
872	33466	63452
873	33473	63354
874	33523	63245
875	33552	63091
876	33585	63059
877	33602	62982
878	33616	62769
879	33657	62701
880	33666	62660
881	33693	62603
882	33695	62506
883	33707	62368
884	33757	62259
885	33786	62105
886	33836	61996
887	33877	61950
888	33883	61859
889	33901	61790
890	33927	61617
891	33977	61508
892	34017	61449
893	34024	61371
894	34067	61340
895	34072	61277
896	34074	61262
897	34114	61203
898	34117	61124
899	34119	61119
900	34158	60961
901	34208	60852
902	34255	60715
903	34303	60621
904	34305	60606
905	34311	60546
906	34348	60468
907	34361	60437
908	34398	60359
909	34438	60321
910	34450	60266
911	34456	60206
912	34486	60180
913	34493	60128
914	34503	60048
915	34542	59890
916	34592	59781
917	34648	59708
918	34678	59682
919	34683	59676
920	34687	59550
921	34717	59524
922	34725	59496
923	34737	59441
924	34767	59415
925	34778	59356
926	34792	59346
927	34806	59331
928	34815	59278
929	34828	59247
930	34842	59237
931	34843	59231
932	34856	59222
933	34862	59184
934	34865	59169
935	34870	59156
936	34893	59122
937	34912	59075
938	34923	59016
939	34937	59006
940	34951	58991
941	34960	58938
942	34970	58858
943	35009	58700
944	35053	58694
945	35059	58591
946	35115	58518
947	35154	58360
948	35192	58306
949	35204	58251
950	35270	58231
951	35271	58199
952	35273	58141
953	35297	58085
954	35310	58041
955	35323	58032
956	35337	57966
957	35360	57932
958	35400	57931
959	35407	57915
960	35418	57801
961	35442	57745
962	35468	57692
963	35493	57647
964	35518	57629
965	35520	57504
966	35574	57482
967	35591	57417
968	35601	57339
969	35625	57283
970	35651	57230
971	35665	57164
972	35731	57143
973	35734	57142
974	35746	56999
975	35770	56943
976	35796	56890
977	35821	56845
978	35861	56844
979	35876	56831
980	35879	56802
981	35900	56775
982	35901	56771
983	35902	56680
984	35926	56624
985	35948	56621
986	35952	56571
987	35957	56561
988	35979	56542
989	35981	56521
990	35998	56512
991	36034	56486
992	36035	56483
993	36038	56396
994	36060	56377
995	36062	56340
996	36084	56321
997	36086	56300
998	36088	56287
999	36093	56281
1000	36102	56221
1001	36126	56181
1002	36143	56172
1003	36183	56056
1004	36207	56000
1005	36231	55960
1006	36233	55947
1007	36257	55907
1008	36258	55902
1009	36276	55887
1010	36282	55862
1011	36285	55854
1012	36299	55853
1013	36314	55846
1014	36322	55803
1015	36339	55737
1016	36357	55722
1017	36362	55684
1018	36363	55681
1019	36381	55666
1020	36387	55641
1021	36389	55628
1022	36407	55613
1023	36413	55588
1024	36416	55580
1025	36430	55514
1026	36459	55425
1027	36493	55410
1028	36511	55349
1029	36535	55293
1030	36540	55260
1031	36561	55240
1032	36564	55204
1033	36586	55195
1034	36590	55151
1035	36604	55085
1036	36667	55030
1037	36685	54920
1038	36709	54864
1039	36735	54811
1040	36760	54766
1041	36803	54746
1042	36825	54727
1043	36827	54690
1044	36841	54601
1045	36865	54545
1046	36891	54492
1047	36932	54486
1048	36948	54406
1049	36972	54350
1050	36996	54310
1051	36998	54297
1052	37022	54257
1053	37023	54252
1054	37047	54212
1055	37063	54209
1056	37064	54203
1057	37079	54196
1058	37087	54153
1059	37104	54087
1060	37127	54034
1061	37128	54031
1062	37152	53991
1063	37154	53978
1064	37178	53938
1065	37185	53933
1066	37208	53869
1067	37224	53775
1068	37258	53760
1069	37283	53715
1070	37305	53610
1071	37329	53554
1072	37355	53501
1073	37369	53435
1074	37435	53414
1075	37450	53270
1076	37474	53214
1077	37500	53161
1078	37525	53116
1079	37580	53102
1080	37591	53095
1081	37604	53046
1082	37606	52951
1083	37630	52895
1084	37656	52842
1085	37697	52836
1086	37722	52821
1087	37736	52783
1088	37760	52727
1089	37778	52671
1090	37802	52615
1091	37828	52562
1092	37894	52541
1093	37908	52503
1094	37932	52447
1095	37946	52445
1096	37958	52394
1097	37976	52393
1098	38002	52340
1099	38027	52280
1100	38043	52186
1101	38066	52184
1102	38077	52171
1103	38100	52169
1104	38109	52165
1105	38124	52021
1106	38147	52019
1107	38148	51965
1108	38171	51963
1109	38174	51912
1110	38188	51846
1111	38211	51844
1112	38254	51825
1113	38269	51681
1114	38292	51679
1115	38293	51625
1116	38316	51623
1117	38319	51572
1118	38342	51570
1119	38360	51566
1120	38383	51564
1121	38385	51551
1122	38399	51513
1123	38422	51511
1124	38423	51457
1125	38441	51401
1126	38464	51399
1127	38465	51345
1128	38488	51343
1129	38491	51292
1130	38514	51290
1131	38557	51271
1132	38571	51233
1133	38594	51231
1134	38595	51177
1135	38618	51175
1136	38621	51124
1137	38639	51123
1138	38644	51122
1139	38662	51121
1140	38665	51070
1141	38688	51068
1142	38731	51049
1143	38745	51011
1144	38768	51009
1145	38769	50955
1146	38792	50953
1147	38795	50902
1148	38818	50900
1149	38849	50896
1150	38861	50881
1151	38884	50879
1152	38909	50859
1153	38911	50828
1154	38925	50771
1155	38948	50769
1156	38966	50728
1157	38969	50715
1158	38980	50629
1159	39003	50627
1160	39006	50576
1161	39029	50574
1162	39072	50555
1163	39082	50550
1164	39099	50547
1165	39110	50461
1166	39133	50459
1167	39136	50408
1168	39152	50349
1169	39175	50347
1170	39178	50296
1171	39201	50294
1172	39213	50276
1173	39244	50275
1174	39267	50273
1175	39271	50267
1176	39279	50255
1177	39282	50181
1178	39305	50179
1179	39308	50128
1180	39326	50127
1181	39331	50126
1182	39349	50125
1183	39352	50074
1184	39375	50072
1185	39378	50066
1186	39381	50064
1187	39404	50062
1188	39418	50053
1189	39441	50051
1190	39444	50045
1191	39456	49959
1192	39479	49957
1193	39482	49906
1194	39505	49904
1195	39511	49896
1196	39529	49895
1197	39534	49894
1198	39548	49885
1199	39555	49842
1200	39578	49840
1201	39598	49832
1202	39617	49818
1203	39624	49779
1204	39642	49778
1205	39647	49777
1206	39656	49719
1207	39682	49666
1208	39698	49653
1209	39716	49636
1210	39722	49597
1211	39742	49583
1212	39748	49544
1213	39771	49542
1214	39789	49524
1215	39812	49498
1216	39815	49471
1217	39828	49439
1218	39852	49429
1219	39854	49386
1220	39870	49373
1221	39874	49333
1222	39894	49317
1223	39900	49280
1224	39920	49264
1225	39943	49262
1226	39966	49259
1227	39984	49218
1228	40000	49205
1229	40012	49190
1230	40024	49149
1231	40038	49137
1232	40039	49123
1233	40042	49121
1234	40050	49096
1235	40065	49070
1236	40068	49068
1237	40091	49066
1238	40094	49042
1239	40117	49040
1240	40135	49014
1241	40172	48953
1242	40195	48951
1243	40198	48900
1244	40216	48899
1245	40221	48898
1246	40224	48874
1247	40242	48846
1248	40265	48844
1249	40268	48838
1250	40293	48837
1251	40300	48804
1252	40302	48785
1253	40325	48783
1254	40330	48778
1255	40346	48731
1256	40347	48627
1257	40370	48625
1258	40383	48620
1259	40406	48618
1260	40407	48564
1261	40428	48462
1262	40447	48445
1263	40452	48406
1264	40475	48404
1265	40478	48353
1266	40492	48287
1267	40515	48285
1268	40528	48280
1269	40551	48278
1270	40552	48224
1271	40573	48122
1272	40596	48120
1273	40597	48066
1274	40620	48064
1275	40623	48013
1276	40646	48011
1277	40691	48007
1278	40711	47979
1279	40714	47903
1280	40731	47886
1281	40738	47847
1282	40755	47830
1283	40764	47794
1284	40781	47777
1285	40804	47775
1286	40849	47771
1287	40852	47760
1288	40869	47743
1289	40876	47704
1290	40893	47687
1291	40902	47651
1292	40919	47634
1293	40942	47632
1294	40947	47609
1295	40963	47599
1296	40980	47582
1297	41003	47580
1298	41009	47558
1299	41010	47527
1300	41033	47525
1301	41034	47471
1302	41057	47469
1303	41060	47418
1304	41083	47416
1305	41116	47403
1306	41139	47401
1307	41148	47349
1308	41171	47347
1309	41172	47328
1310	41192	47304
1311	41193	47191
1312	41216	47189
1313	41229	47184
1314	41252	47182
1315	41253	47128
1316	41274	47026
1317	41293	47009
1318	41298	46970
1319	41321	46968
1320	41324	46917
1321	41338	46851
1322	41361	46849
1323	41374	46844
1324	41397	46842
1325	41398	46788
1326	41419	46686
1327	41442	46684
1328	41443	46630
1329	41466	46628
1330	41469	46577
1331	41492	46575
1332	41537	46571
1333	41557	46543
1334	41560	46467
1335	41577	46450
1336	41584	46411
1337	41601	46394
1338	41610	46358
1339	41627	46341
1340	41650	46339
1341	41695	46335
1342	41698	46324
1343	41715	46307
1344	41722	46268
1345	41739	46251
1346	41748	46215
1347	41765	46198
1348	41788	46196
1349	41793	46173
1350	41809	46163
1351	41826	46146
1352	41849	46144
1353	41855	46122
1354	41856	46091
1355	41877	46051
1356	41880	46035
1357	41903	46033
1358	41906	45982
1359	41929	45980
1360	41958	45886
1361	41981	45884
1362	41982	45830
1363	42005	45828
1364	42008	45777
1365	42031	45775
1366	42076	45771
1367	42088	45759
1368	42096	45743
1369	42099	45667
1370	42116	45650
1371	42123	45611
1372	42140	45594
1373	42149	45558
1374	42166	45541
1375	42189	45539
1376	42234	45535
1377	42237	45524
1378	42254	45507
1379	42261	45468
1380	42278	45451
1381	42287	45415
1382	42304	45398
1383	42327	45396
1384	42332	45373
1385	42348	45363
1386	42365	45346
1387	42388	45344
1388	42394	45322
1389	42395	45291
1390	42418	45289
1391	42419	45235
1392	42442	45233
1393	42445	45182
1394	42468	45180
1395	42513	45176
1396	42533	45148
1397	42556	45146
1398	42557	45092
1399	42577	45068
1400	42583	45039
1401	42601	45012
1402	42624	45010
1403	42627	44959
1404	42650	44957
1405	42695	44953
1406	42711	44942
1407	42715	44925
1408	42735	44886
1409	42739	44869
1410	42761	44833
1411	42765	44816
1412	42788	44814
1413	42805	44780
1414	42826	44764
1415	42831	44727
1416	42854	44725
1417	42893	44719
1418	42899	44690
1419	42907	44676
1420	42917	44663
1421	42924	44659
1422	42933	44623
1423	42943	44610
1424	42950	44606
1425	42969	44584
1426	42992	44582
1427	43020	44547
1428	43030	44532
1429	43053	44530
1430	43055	44520
1431	43062	44516
1432	43071	44480
1433	43081	44467
1434	43088	44463
1435	43111	44461
1436	43116	44438
1437	43121	44431
1438	43132	44428
1439	43142	44376
1440	43165	44374
1441	43166	44320
1442	43189	44318
1443	43192	44267
1444	43215	44265
1445	43229	44247
1446	43252	44245
1447	43280	44233
1448	43303	44231
1449	43304	44177
1450	43327	44175
1451	43330	44124
1452	43353	44122
1453	43367	44104
1454	43385	44077
1455	43391	44072
1456	43411	44024
1457	43434	44022
1458	43479	44018
1459	43482	43971
1460	43505	43969
1461	43508	43918
1462	43531	43916
1463	43549	43881
1464	43572	43879
1465	43589	43845
1466	43610	43829
1467	43615	43792
1468	43638	43790
1469	43646	43775
1470	43669	43773
1471	43689	43766
1472	43692	43738
1473	43707	43723
1474	43727	43702
1475	43733	43686
1476	43753	43649
1477	43776	43647
1478	43804	43612
1479	43814	43597
1480	43830	43580
1481	43853	43578
1482	43864	43561
1483	43870	43559
1484	43871	43543
1485	43894	43541
1486	43896	43506
1487	43919	43504
1488	43926	43441
1489	43949	43439
1490	43950	43385
1491	43973	43383
1492	43976	43332
1493	43999	43330
1494	44044	43326
1495	44064	43298
1496	44087	43296
1497	44088	43242
1498	44111	43240
1499	44114	43189
1500	44137	43187
1501	44175	43137
1502	44198	43135
1503	44220	43121
1504	44231	43099
1505	44254	43097
1506	44257	43046
1507	44280	43044
1508	44298	42994
1509	44321	42992
1510	44358	42978
1511	44369	42956
1512	44392	42954
1513	44395	42903
1514	44418	42901
1515	44436	42851
1516	44459	42849
1517	44497	42799
1518	44520	42797
1519	44542	42783
1520	44553	42761
1521	44576	42759
1522	44579	42708
1523	44602	42706
1524	44639	42692
1525	44662	42690
1526	44667	42674
1527	44680	42640
1528	44691	42618
1529	44714	42616
1530	44717	42565
1531	44740	42563
1532	44778	42513
1533	44801	42511
1534	44823	42497
1535	44846	42495
1536	44891	42491
1537	44911	42463
1538	44927	42438
1539	44935	42407
1540	44958	42405
1541	44961	42354
1542	44984	42352
1543	45022	42302
1544	45045	42300
1545	45065	42295
1546	45088	42293
1547	45124	42271
1548	45126	42243
1549	45149	42241
1550	45171	42227
1551	45194	42225
1552	45206	42180
1553	45229	42178
1554	45266	42164
1555	45283	42137
1556	45306	42135
1557	45307	42112
1558	45309	42084
1559	45332	42082
1560	45344	42037
1561	45367	42035
1562	45370	42032
1563	45393	42030
1564	45405	41985
1565	45428	41983
1566	45450	41969
1567	45473	41967
1568	45499	41946
1569	45522	41944
1570	45538	41935
1571	45554	41910
1572	45562	41879
1573	45585	41877
1574	45588	41826
1575	45611	41824
1576	45632	41805
1577	45649	41774
1578	45672	41772
1579	45692	41767
1580	45715	41765
1581	45739	41741
1582	45743	41735
1583	45753	41715
1584	45776	41713
1585	45798	41699
1586	45819	41691
1587	45835	41646
1588	45845	41638
1589	45863	41628
1590	45876	41594
1591	45887	41572
1592	45913	41519
1593	45981	41513
1594	45997	41504
1595	46009	41501
1596	46061	41492
1597	46087	41471
1598	46091	41465
1599	46099	41463
1600	46107	41417
1601	46131	41361
1602	46157	41308
1603	46225	41302
1604	46253	41290
1605	46261	41249
1606	46329	41243
1607	46347	41237
1608	46354	41230
1609	46380	41177
1610	46443	41138
1611	46479	41091
1612	46504	41086
1613	46505	41038
1614	46573	41032
1615	46591	41026
1616	46601	41020
1617	46602	41004
1618	46628	40951
1619	46696	40945
1620	46724	40933
1621	46728	40907
1622	46765	40869
1623	46791	40868
1624	46822	40849
1625	46824	40820
1626	46846	40793
1627	46872	40740
1628	46940	40734
1629	46968	40722
1630	46976	40681
1631	47009	40658
1632	47068	40609
1633	47113	40599
1634	47164	40591
1635	47170	40579
1636	47172	40550
1637	47194	40523
1638	47220	40470
1639	47288	40464
1640	47316	40452
1641	47331	40441
1642	47357	40388
1643	47416	40339
1644	47484	40333
1645	47512	40321
1646	47580	40315
1647	47582	40286
1648	47640	40279
1649	47666	40226
1650	47719	40204
1651	47774	40198
1652	47777	40197
1653	47778	40155
1654	47803	40144
1655	47862	40095
1656	47930	40089
1657	47946	40086
1658	47958	40077
1659	48005	40073
1660	48026	40071
1661	48028	40042
1662	48096	40036
1663	48112	40033
1664	48115	39995
1665	48165	39960
1666	48224	39911
1667	48269	39890
1668	48337	39884
1669	48348	39878
1670	48365	39872
1671	48380	39855
1672	48389	39848
1673	48392	39842
1674	48406	39808
1675	48415	39795
1676	48465	39759
1677	48474	39746
1678	48542	39740
1679	48548	39734
1680	48557	39727
1681	48583	39674
1682	48631	39656
1683	48642	39625
1684	48710	39619
1685	48712	39576
1686	48763	39525
1687	48822	39476
1688	48890	39470
1689	48905	39457
1690	48930	39418
1691	48931	39404
1692	48956	39365
1693	48990	39355
1694	49052	39347
1695	49060	39306
1696	49128	39300
1697	49147	39265
1698	49208	39246
1699	49212	39217
1700	49223	39212
1701	49238	39164
1702	49249	39159
1703	49278	39148
1704	49304	39095
1705	49372	39089
1706	49400	39077
1707	49406	39043
1708	49417	39038
1709	49467	39024
1710	49478	39019
1711	49490	38999
1712	49501	38994
1713	49551	38980
1714	49554	38943
1715	49565	38938
1716	49580	38890
1717	49591	38885
1718	49648	38884
1719	49659	38879
1720	49698	38878
1721	49709	38873
1722	49719	38859
1723	49722	38822
1724	49733	38817
1725	49748	38769
1726	49759	38764
1727	49809	38750
1728	49820	38745
1729	49877	38744
1730	49878	38729
1731	49889	38724
1732	49902	38673
1733	49913	38668
1734	49928	38620
1735	49939	38615
1736	49996	38614
1737	50007	38609
1738	50046	38608
1739	50057	38603
1740	50070	38552
1741	50081	38547
1742	50096	38499
1743	50107	38494
1744	50157	38480
1745	50168	38475
1746	50225	38474
1747	50236	38469
1748	50275	38468
1749	50286	38463
1750	50299	38412
1751	50310	38407
1752	50325	38359
1753	50336	38354
1754	50393	38353
1755	50404	38348
1756	50473	38314
1757	50484	38309
1758	50516	38308
1759	50527	38303
1760	50534	38295
1761	50542	38255
1762	50553	38250
1763	50603	38236
1764	50614	38231
1765	50671	38230
1766	50676	38227
1767	50682	38225
1768	50683	38218
1769	50694	38213
1770	50701	38160
1771	50712	38155
1772	50727	38107
1773	50738	38102
1774	50866	38101
1775	50869	38039
1776	50880	38034
1777	50895	37986
1778	50906	37981
1779	50956	37967
1780	50967	37962
1781	50985	37958
1782	51000	37910
1783	51011	37905
1784	51049	37890
1785	51060	37885
1786	51075	37837
1787	51086	37832
1788	51168	37789
1789	51179	37784
1790	51217	37769
1791	51228	37764
1792	51243	37716
1793	51254	37711
1794	51304	37697
1795	51315	37692
1796	51333	37688
1797	51348	37640
1798	51359	37635
1799	51431	37615
1800	51442	37610
1801	51465	37608
1802	51472	37576
1803	51483	37571
1804	51501	37567
1805	51516	37519
1806	51527	37514
1807	51577	37500
1808	51588	37495
1809	51611	37466
1810	51622	37461
1811	51645	37459
1812	51662	37454
1813	51673	37449
1814	51704	37418
1815	51715	37413
1816	51738	37411
1817	51745	37379
1818	51756	37374
1819	51778	37373
1820	51779	37345
1821	51790	37340
1822	51813	37338
1823	51858	37322
1824	51869	37317
1825	51876	37306
1826	51884	37269
1827	51895	37264
1828	51918	37262
1829	51935	37257
1830	51946	37252
1831	51996	37238
1832	52007	37233
1833	52026	37201
1834	52037	37196
1835	52052	37148
1836	52063	37143
1837	52086	37141
1838	52164	37117
1839	52175	37112
1840	52261	37084
1841	52272	37079
1842	52295	37077
1843	52312	37072
1844	52323	37067
1845	52373	37053
1846	52384	37048
1847	52399	37043
1848	52403	37016
1849	52414	37011
1850	52429	36963
1851	52440	36958
1852	52463	36956
1853	52517	36955
1854	52528	36950
1855	52541	36932
1856	52552	36927
1857	52567	36922
1858	52576	36906
1859	52582	36895
1860	52593	36890
1861	52616	36888
1862	52622	36879
1863	52633	36874
1864	52656	36872
1865	52681	36830
1866	52692	36825
1867	52715	36823
1868	52764	36811
1869	52775	36806
1870	52790	36758
1871	52801	36753
1872	52824	36751
1873	52849	36709
1874	52860	36704
1875	52883	36702
1876	52933	36689
1877	52944	36684
1878	52967	36682
1879	52984	36677
1880	52995	36672
1881	53045	36658
1882	53056	36653
1883	53058	36645
1884	53069	36640
1885	53075	36621
1886	53086	36616
1887	53101	36568
1888	53112	36563
1889	53135	36561
1890	53213	36537
1891	53224	36532
1892	53226	36524
1893	53237	36519
1894	53260	36517
1895	53310	36504
1896	53321	36499
1897	53344	36497
1898	53361	36492
1899	53364	36483
1900	53375	36478
1901	53379	36456
1902	53390	36451
1903	53413	36449
1904	53452	36436
1905	53463	36431
1906	53478	36383
1907	53489	36378
1908	53512	36376
1909	53566	36375
1910	53577	36370
1911	53590	36352
1912	53601	36347
1913	53616	36342
1914	53625	36326
1915	53631	36315
1916	53642	36310
1917	53665	36308
1918	53671	36299
1919	53682	36294
1920	53705	36292
1921	53730	36250
1922	53741	36245
1923	53764	36243
1924	53813	36231
1925	53824	36226
1926	53839	36178
1927	53850	36173
1928	53873	36171
1929	53898	36129
1930	53909	36124
1931	53932	36122
1932	54048	36114
1933	54059	36109
1934	54082	36107
1935	54107	36065
1936	54118	36060
1937	54141	36058
1938	54190	36046
1939	54201	36041
1940	54216	35993
1941	54227	35988
1942	54250	35986
1943	54275	35944
1944	54286	35939
1945	54309	35937
1946	54369	35925
1947	54380	35920
1948	54403	35918
1949	54413	35903
1950	54424	35898
1951	54428	35876
1952	54439	35871
1953	54462	35869
1954	54578	35861
1955	54589	35856
1956	54612	35854
1957	54622	35839
1958	54633	35834
1959	54637	35812
1960	54648	35807
1961	54664	35796
1962	54675	35791
1963	54717	35772
1964	54731	35767
1965	54742	35762
1966	54746	35740
1967	54757	35735
1968	54780	35733
1969	54790	35718
1970	54801	35713
1971	54805	35691
1972	54816	35686
1973	54839	35684
1974	54942	35681
1975	54943	35650
1976	54954	35645
1977	55025	35633
1978	55039	35632
1979	55050	35627
1980	55069	35593
1981	55138	35592
1982	55149	35569
1983	55167	35565
1984	55171	35541
1985	55193	35512
1986	55254	35493
1987	55285	35473
1988	55320	35465
1989	55331	35460
1990	55346	35454
1991	55369	35453
1992	55382	35452
1993	55387	35449
1994	55396	35425
1995	55422	35372
1996	55489	35359
1997	55514	35333
1998	55537	35332
1999	55555	35328
2000	55598	35313
2001	55616	35309
2002	55637	35294
2003	55698	35275
2004	55723	35259
2005	55740	35245
2006	55758	35241
2007	55766	35192
2008	55784	35188
2009	55851	35175
2010	55866	35154
2011	55952	35119
2012	55991	35101
2013	56025	35097
2014	56044	35080
2015	56054	35067
2016	56107	35063
2017	56113	35054
2018	56145	35050
2019	56166	35014
2020	56220	34961
2021	56275	34942
2022	56296	34939
2023	56314	34935
2024	56334	34893
2025	56395	34874
2026	56478	34855
2027	56504	34802
2028	56563	34753
2029	56677	34735
2030	56738	34716
2031	56750	34708
2032	56763	34707
2033	56792	34677
2034	56822	34658
2035	56851	34628
2036	56906	34595
2037	57026	34591
2038	57034	34549
2039	57093	34500
2040	57194	34470
2041	57268	34463
2042	57293	34454
2043	57322	34424
2044	57352	34405
2045	57381	34375
2046	57436	34342
2047	57556	34338
2048	57643	34317
2049	57669	34300
2050	57695	34247
2051	57724	34217
2052	57848	34214
2053	57888	34205
2054	57903	34181
2055	58005	34178
2056	58023	34177
2057	58028	34157
2058	58031	34135
2059	58090	34086
2060	58191	34056
2061	58247	34034
2062	58265	34020
2063	58319	34010
2064	58349	33991
2065	58378	33961
2066	58418	33952
2067	58433	33928
2068	58492	33904
2069	58588	33886
2070	58609	33877
2071	58638	33875
2072	58651	33836
2073	58664	33822
2074	58677	33783
2075	58773	33765
2076	58869	33719
2077	58911	33678
2078	58937	33625
2079	59033	33607
2080	59054	33598
2081	59150	33580
2082	59194	33569
2083	59207	33530
2084	59288	33493
2085	59314	33440
2086	59410	33422
2087	59467	33372
2088	59563	33354
2089	59584	33345
2090	59680	33327
2091	59724	33323
2092	59733	33277
2093	59818	33240
2094	59844	33187
2095	59940	33169
2096	60065	33165
2097	60140	33152
2098	60170	33133
2099	60199	33103
2100	60237	33077
2101	60254	33070
2102	60263	33024
2103	60407	33008
2104	60442	32980
2105	60464	32958
2106	60542	32945
2107	60560	32940
2108	60581	32931
2109	60677	32913
2110	60723	32910
2111	60730	32863
2112	60775	32847
2113	60779	32844
2114	60815	32826
2115	60841	32773
2116	60937	32755
2117	61045	32752
2118	61049	32749
2119	61083	32748
2120	61113	32746
2121	61126	32715
2122	61152	32662
2123	61220	32656
2124	61248	32644
2125	61260	32610
2126	61305	32594
2127	61309	32591
2128	61373	32588
2129	61401	32576
2130	61405	32573
2131	61414	32556
2132	61495	32511
2133	61571	32499
2134	61591	32493
2135	61617	32481
2136	61639	32450
2137	61682	32409
2138	61750	32403
2139	61755	32353
2140	61851	32335
2141	61872	32326
2142	61944	32303
2143	61994	32296
2144	62025	32258
2145	62101	32246
2146	62121	32240
2147	62132	32168
2148	62228	32150
2149	62285	32100
2150	62381	32082
2151	62402	32073
2152	62493	32061
2153	62498	32055
2154	62524	32043
2155	62551	32005
2156	62662	31915
2157	62758	31897
2158	62883	31893
2159	62943	31880
2160	62993	31874
2161	63000	31866
2162	63057	31861
2163	63081	31752
2164	63260	31708
2165	63546	31701
2166	63555	31700
2167	63558	31682
2168	63598	31659
2169	63635	31636
2170	63671	31603
2171	63767	31585
2172	63788	31576
2173	63860	31553
2174	63910	31546
2175	63941	31508
2176	64017	31496
2177	64037	31490
2178	64048	31418
2179	64144	31400
2180	64201	31350
2181	64297	31332
2182	64318	31323
2183	64409	31311
2184	64414	31305
2185	64440	31293
2186	64467	31255
2187	64578	31165
2188	64674	31147
2189	64799	31143
2190	64859	31130
2191	64909	31124
2192	64916	31116
2193	64973	31111
2194	64997	31002
2195	65176	30958
2196	65462	30951
2197	65474	30932
2198	65551	30886
2199	65647	30868
2200	65738	30860
2201	65868	30859
2202	65881	30788
2203	66056	30770
2204	66060	30744
2205	66235	30726
2206	66343	30716
2207	66400	30701
2208	66435	30672
2209	66444	30610
2210	66742	30584
2211	66940	30556
2212	67068	30554
2213	67084	30536
2214	67119	30512
2215	67136	30511
2216	67185	30468
2217	67328	30396
2218	67626	30370
2219	67798	30321
2220	67898	30282
2221	67992	30263
2222	68051	30214
2223	68168	30187
2224	68184	30169
2225	68290	30157
2226	68336	30135
2227	68369	30078
2228	68428	30029
2229	68686	30014
2230	68726	30003
2231	68886	29968
2232	68945	29919
2233	69169	29887
2234	69253	29864
2235	69312	29815
2236	69570	29800
2237	69610	29789
2238	69652	29770
2239	69711	29721
2240	70002	29649
2241	70061	29600
2242	70359	29574
2243	70681	29533
2244	70740	29484
2245	70807	29478
2246	70842	29460
2247	70964	29454
2248	71105	29452
2249	71140	29434
2250	71171	29429
2251	71245	29422
2252	71319	29394
2253	71422	29391
2254	71432	29385
2255	71463	29380
2256	71481	29342
2257	71625	29295
2258	71684	29246
2259	71891	29221
2260	71982	29220
2261	72064	29217
2262	72189	29195
2263	72192	29192
2264	72243	29173
2265	72376	29147
2266	72430	29124
2267	72465	29106
2268	72637	29099
2269	72672	29081
2270	72763	29080
2271	72845	29077
2272	72868	29068
2273	72922	29057
2274	72970	29055
2275	72973	29052
2276	72989	29051
2277	73024	29033
2278	73109	29031
2279	73122	29025
2280	73157	29007
2281	73316	29006
2282	73328	28995
2283	73364	28982
2284	73455	28981
2285	73479	28970
2286	73484	28959
2287	73505	28947
2288	73611	28935
2289	73612	28934
2290	73663	28915
2291	73690	28856
2292	73749	28807
2293	73956	28782
2294	74047	28781
2295	74254	28756
2296	74436	28734
2297	74441	28708
2298	74495	28685
2299	74530	28667
2300	74702	28660
2301	74737	28642
2302	74828	28641
2303	74933	28629
2304	74999	28607
2305	75007	28601
2306	75058	28558
2307	75318	28545
2308	75356	28532
2309	75377	28496
2310	75561	28485
2311	75584	28471
2312	75675	28470
2313	75750	28459
2314	75752	28424
2315	75839	28418
2316	75880	28399
2317	75931	28380
2318	76087	28374
2319	76138	28355
2320	76229	28354
2321	76316	28352
2322	76330	28349
2323	76342	28345
2324	76365	28331
2325	76436	28329
2326	76498	28302
2327	76533	28284
2328	76626	28277
2329	76661	28259
2330	76677	28258
2331	76686	28247
2332	76712	28240
2333	76868	28234
2334	76884	28233
2335	76919	28215
2336	77010	28214
2337	77061	28175
2338	77189	28150
2339	77240	28131
2340	77432	28125
2341	77467	28107
2342	77538	28105
2343	77651	28096
2344	77765	28081
2345	77807	28053
2346	77842	28035
2347	77935	28028
2348	77970	28010
2349	77986	28009
2350	78021	27991
2351	78192	27982
2352	78319	27965
2353	78335	27960
2354	78399	27957
2355	78424	27953
2356	78519	27949
2357	78530	27938
2358	78542	27935
2359	78567	27910
2360	78654	27904
2361	78695	27885
2362	78746	27866
2363	78838	27863
2364	78889	27844
2365	78911	27840
2366	79045	27838
2367	79054	27818
2368	79118	27815
2369	79261	27793
2370	79313	27788
2371	79348	27770
2372	79441	27763
2373	79476	27745
2374	79492	27744
2375	79501	27733
2376	79527	27726
2377	79619	27723
2378	79635	27722
2379	79644	27711
2380	79670	27704
2381	79734	27701
2382	79826	27698
2383	79839	27689
2384	79876	27661
2385	80004	27636
2386	80055	27617
2387	80147	27614
2388	80198	27595
2389	80220	27591
2390	80363	27569
2391	80485	27555
2392	80539	27529
2393	80657	27521
2394	80682	27507
2395	80715	27504
2396	80766	27485
2397	80836	27477
2398	80914	27457
2399	80979	27455
2400	81039	27439
2401	81042	27432
2402	81093	27413
2403	81185	27410
2404	81236	27391
2405	81300	27388
2406	81392	27385
2407	81443	27366
2408	81521	27352
2409	81705	27341
2410	81707	27339
2411	81734	27333
2412	81789	27329
2413	81794	27306
2414	81848	27280
2415	81991	27258
2416	82024	27255
2417	82075	27236
2418	82169	27234
2419	82223	27208
2420	82348	27190
2421	82351	27183
2422	82402	27164
2423	82494	27161
2424	82545	27142
2425	82817	27137
2426	82895	27128
2427	82962	27116
2428	82989	27110
2429	82999	27109
2430	83016	27090
2431	83043	27084
2432	83144	27065
2433	83186	27062
2434	83243	27050
2435	83287	27043
2436	83381	27031
2437	83386	27028
2438	83456	27026
2439	83524	27009
2440	83574	27006
2441	83584	27001
2442	83635	26982
2443	83727	26979
2444	83778	26960
2445	83829	26951
2446	83949	26934
2447	84017	26923
2448	84074	26916
2449	84077	26909
2450	84128	26890
2451	84204	26879
2452	84271	26868
2453	84332	26854
2454	84344	26851
2455	84383	26835
2456	84487	26829
2457	84625	26820
2458	84742	26816
2459	84769	26810
2460	84810	26805
2461	84870	26791
2462	84912	26788
2463	84944	26773
2464	84997	26761
2465	85024	26755
2466	85072	26748
2467	85123	26729
2468	85215	26726
2469	85266	26707
2470	85362	26702
2471	85504	26686
2472	85546	26685
2473	85555	26677
2474	85577	26669
2475	85600	26659
2476	85720	26647
2477	85770	26646
2478	85817	26637
2479	85865	26630
2480	85873	26613
2481	85927	26587
2482	86058	26580
2483	86065	26578
2484	86070	26565
2485	86109	26561
2486	86158	26557
2487	86208	26556
2488	86296	26548
2489	86325	26522
2490	86431	26511
2491	86485	26485
2492	86623	26476
2493	86628	26463
2494	86766	26454
2495	86863	26447
2496	86951	26439
2497	86992	26433
2498	87065	26416
2499	87118	26404
2500	87208	26394
2501	87224	26393
2502	87261	26386
2503	87278	26367
2504	87404	26364
2505	87416	26358
2506	87421	26345
2507	87559	26336
2508	87704	26333
2509	87718	26303
2510	87856	26294
2511	87861	26281
2512	87908	26258
2513	88046	26249
2514	88197	26246
2515	88257	26244
2516	88262	26231
2517	88400	26222
2518	88407	26205
2519	88466	26156
2520	88604	26147
2521	88701	26140
2522	88791	26130
2523	88929	26121
2524	89019	26112
2525	89147	26099
2526	89200	26087
2527	89206	26050
2528	89259	26038
2529	89349	26028
2530	89487	26019
2531	89584	26012
2532	89722	26003
2533	89812	25994
2534	89940	25981
2535	89982	25951
2536	89999	25932
2537	90125	25929
2538	90137	25923
2539	90142	25910
2540	90280	25901
2541	90588	25895
2542	90716	25882
2543	90775	25833
2544	90913	25824
2545	90918	25811
2546	91056	25802
2547	91590	25769
2548	91728	25760
2549	91733	25747
2550	91871	25738
2551	92051	25735
2552	92098	25722
2553	92105	25709
2554	92155	25708
2555	92243	25700
2556	92248	25687
2557	92298	25686
2558	92386	25678
2559	92436	25677
2560	92483	25671
2561	92524	25669
2562	92571	25663
2563	92612	25657
2564	92654	25655
2565	92685	25640
2566	92713	25606
2567	92851	25597
2568	92856	25584
2569	92994	25575
2570	93041	25569
2571	93091	25568
2572	93179	25560
2573	93229	25559
2574	93277	25554
2575	93317	25551
2576	93415	25545
2577	93447	25537
2578	93469	25531
2579	93473	25511
2580	93506	25488
2581	93528	25482
2582	93644	25479
2583	93649	25466
2584	93787	25457
2585	93882	25455
2586	94017	25448
2587	94020	25446
2588	94027	25429
2589	94031	25409
2590	94086	25380
2591	94224	25371
2592	94321	25364
2593	94411	25354
2594	94549	25345
2595	94639	25336
2596	94767	25323
2597	94771	25303
2598	94824	25291
2599	94826	25274
2600	94879	25262
2601	94969	25252
2602	95107	25243
2603	95204	25236
2604	95342	25227
2605	95432	25218
2606	95560	25205
2607	95564	25185
2608	95619	25156
2609	95757	25147
2610	95762	25134
2611	95900	25125
2612	96543	25121
2613	96737	25116
2614	96742	25103
2615	96827	25102
2616	96880	25094
2617	96917	25092
2618	96946	25067
2619	97041	25057
2620	97089	25045
2621	97296	25025
2622	97370	25017
2623	97434	25016
2624	97439	25003
2625	97567	24996
2626	97577	24994
2627	97598	24993
2628	97695	24991
2629	97705	24987
2630	97710	24974
2631	97780	24968
2632	97781	24951
2633	97924	24929
2634	98035	24907
2635	98173	24898
2636	98253	24889
2637	98360	24881
2638	98489	24878
2639	98493	24873
2640	98498	24872
2641	98520	24862
2642	98575	24854
2643	98636	24851
2644	98663	24840
2645	98720	24830
2646	98773	24818
2647	98775	24801
2648	98828	24789
2649	98918	24779
2650	99056	24770
2651	99153	24763
2652	99282	24760
2653	99291	24754
2654	99315	24748
2655	99381	24745
2656	99458	24726
2657	99513	24712
2658	99568	24683
2659	99706	24674
2660	99711	24661
2661	99849	24652
2662	100245	24651
2663	100293	24646
2664	100300	24622
2665	100443	24600
2666	100653	24595
2667	100656	24592
2668	100680	24589
2669	100708	24566
2670	100711	24563
2671	100851	24544
2672	101036	24537
2673	101064	24536
2674	101119	24507
2675	101270	24499
2676	101396	24486
2677	101413	24477
2678	101451	24457
2679	101594	24435
2680	101804	24430
2681	101821	24421
2682	101859	24401
2683	102002	24379
2684	102438	24376
2685	102612	24367
2686	102822	24362
2687	102877	24333
2688	103020	24311
2689	103175	24299
2690	103324	24289
2691	103454	24284
2692	103456	24267
2693	103509	24255
2694	103599	24245
2695	103681	24242
2696	103807	24223
2697	103864	24211
2698	103917	24199
2699	104007	24189
2700	104194	24178
2701	104215	24167
2702	104249	24149
2703	104358	24145
2704	104392	24127
2705	104602	24122
2706	104657	24093
2707	104800	24071
2708	105308	24070
2709	105380	24064
2710	105385	24051
2711	105523	24042
2712	105621	24030
2713	105830	24013
2714	105898	24009
2715	105953	23980
2716	106096	23958
2717	106306	23953
2718	106361	23924
2719	106504	23902
2720	106793	23897
2721	106944	23889
2722	107010	23886
2723	107020	23881
2724	107048	23866
2725	107125	23847
2726	107191	23844
2727	107268	23825
2728	107273	23816
2729	107411	23807
2730	107416	23794
2731	107533	23791
2732	107554	23785
2733	107676	23769
2734	108005	23755
2735	108148	23733
2736	108309	23729
2737	108358	23728
2738	108361	23725
2739	108385	23722
2740	108413	23699
2741	108416	23696
2742	108556	23677
2743	108717	23673
2744	108769	23669
2745	108824	23640
2746	108975	23632
2747	109101	23619
2748	109118	23610
2749	109156	23590
2750	109299	23568
2751	109509	23563
2752	109526	23554
2753	109564	23534
2754	109707	23512
2755	110143	23509
2756	110254	23502
2757	110317	23500
2758	110331	23483
2759	110397	23480
2760	110474	23461
2761	110725	23444
2762	110880	23432
2763	111104	23430
2764	111106	23429
2765	111107	23421
2766	111159	23417
2767	111161	23400
2768	111214	23388
2769	111304	23378
2770	111512	23374
2771	111514	23373
2772	111515	23365
2773	111567	23361
2774	111569	23344
2775	111622	23332
2776	111712	23322
2777	111899	23311
2778	111954	23282
2779	112097	23260
2780	112307	23255
2781	112362	23226
2782	112505	23204
2783	113479	23200
2784	113480	23175
2785	113535	23146
2786	113678	23124
2787	113902	23122
2788	114045	23100
2789	114203	23099
2790	114310	23066
2791	114453	23044
2792	114914	23043
2793	114940	23035
2794	114969	23014
2795	115112	22992
2796	115348	22979
2797	115626	22964
2798	116004	22954
2799	116142	22934
2800	116147	22932
2801	116285	22912
2802	116509	22910
2803	116521	22899
2804	116652	22888
2805	116810	22887
2806	116883	22884
2807	116888	22875
2808	116917	22854
2809	117060	22832
2810	117296	22819
2811	117658	22804
2812	117819	22803
2813	117952	22794
2814	117962	22781
2815	118090	22774
2816	118095	22772
2817	118198	22768
2818	118233	22752
2819	118469	22739
2820	118758	22727
2821	118831	22724
2822	118994	22714
2823	119119	22702
2824	119268	22692
2825	119501	22684
2826	119547	22669
2827	119644	22662
2828	119690	22647
2829	119767	22643
2830	119910	22621
2831	120146	22608
2832	120418	22598
2833	120435	22596
2834	120508	22593
2835	120671	22583
2836	120817	22582
2837	120863	22567
2838	120945	22561
2839	121077	22546
2840	121313	22533
2841	121486	22531
2842	121583	22512
2843	121726	22490
2844	121962	22477
2845	122250	22466
2846	122324	22462
2847	122397	22458
2848	122486	22453
2849	122494	22451
2850	122540	22436
2851	122756	22432
2852	122761	22430
2853	122853	22429
2854	122864	22426
2855	122899	22410
2856	123025	22386
2857	123261	22373
2858	123623	22358
2859	123927	22335
2860	124060	22326
2861	124163	22322
2862	124198	22306
2863	124356	22305
2864	124433	22301
2865	124434	22293
2866	124576	22279
2867	124796	22278
2868	124812	22266
2869	124875	22260
2870	125101	22254
2871	125111	22247
2872	125233	22246
2873	125284	22245
2874	125337	22241
2875	125389	22232
2876	125529	22225
2877	125611	22219
2878	125655	22201
2879	125875	22175
2880	126111	22162
2881	126400	22150
2882	126473	22147
2883	126636	22137
2884	126823	22100
2885	127059	22087
2886	127421	22072
2887	127725	22049
2888	127858	22040
2889	127961	22036
2890	127996	22020
2891	128232	22007
2892	128505	21990
2893	128757	21982
2894	128917	21975
2895	129030	21965
2896	129031	21960
2897	129318	21947
2898	129369	21942
2899	129453	21915
2900	129673	21889
2901	129909	21876
2902	130198	21864
2903	130271	21861
2904	130434	21851
2905	130626	21835
2906	130708	21829
2907	131118	21814
2908	131151	21810
2909	131233	21804
2910	131354	21801
2911	131547	21790
2912	131716	21786
2913	131948	21762
2914	131999	21757
2915	132153	21754
2916	132303	21704
2917	132828	21679
2918	133246	21676
2919	133409	21666
2920	133601	21650
2921	133683	21644
2922	133748	21629
2923	134126	21625
2924	134208	21619
2925	134210	21618
2926	134329	21616
2927	134522	21605
2928	134691	21601
2929	134697	21586
2930	134923	21577
2931	134974	21572
2932	135128	21569
2933	135175	21541
2934	135253	21540
2935	135278	21519
2936	135700	21516
2937	135778	21515
2938	135803	21494
2939	136604	21487
2940	136620	21466
2941	136698	21465
2942	136723	21444
2943	137185	21433
2944	137381	21431
2945	137569	21423
2946	137647	21422
2947	137672	21401
2948	138094	21398
2949	138152	21390
2950	138197	21376
2951	138630	21358
2952	139014	21348
2953	139092	21347
2954	139117	21326
2955	139527	21324
2956	139579	21315
2957	139728	21293
2958	139806	21292
2959	139831	21271
2960	140253	21268
2961	140331	21267
2962	140356	21246
2963	141024	21240
2964	141157	21239
2965	141173	21218
2966	141251	21217
2967	141276	21196
2968	141738	21185
2969	142160	21182
2970	142238	21181
2971	142263	21160
2972	142705	21142
2973	143080	21132
2974	143158	21131
2975	143183	21110
2976	143692	21106
2977	143944	21086
2978	144366	21083
2979	144444	21082
2980	144469	21061
2981	144612	21056
2982	144979	21047
2983	145286	21033
2984	145364	21032
2985	145389	21011
2986	145851	21000
2987	146273	20997
2988	146321	20994
2989	146376	20975
2990	146424	20972
2991	146818	20957
2992	147193	20947
2993	147271	20946
2994	147296	20925
2995	147805	20921
2996	147853	20918
2997	148228	20908
2998	148306	20907
2999	148331	20886
3000	148725	20871
3001	149657	20854
3002	149735	20853
3003	149760	20832
3004	150502	20823
3005	151011	20819
3006	151828	20791
3007	151906	20790
3008	151931	20769
3009	153155	20766
3010	153667	20751
3011	154273	20746
3012	154351	20745
3013	154376	20724
3014	155470	20722
3015	155600	20721
3016	156112	20706
3017	156964	20701
3018	157083	20686
3019	157326	20685
3020	157915	20677
3021	158918	20674
3022	159651	20659
3023	160503	20654
3024	160622	20639
3025	160865	20638
3026	161846	20636
3027	162089	20635
3028	162457	20627
3029	163210	20616
3030	163453	20615
3031	164434	20613
3032	164677	20612
3033	165045	20604
3034	166269	20601
3035	167610	20597
3036	168834	20594
