1	21282	173496
2	21292	171443
3	21308	170341
4	21315	170164
5	21318	168288
6	21341	167009
7	21371	166517
8	21394	165238
9	21404	164659
10	21427	163380
11	21457	162888
12	21480	161609
13	21513	161480
14	21535	160890
15	21553	160811
16	21554	160728
17	21559	160212
18	21564	160149
19	21587	158870
20	21617	158378
21	21640	157099
22	21673	156970
23	21697	156696
24	21699	156406
25	21707	156117
26	21709	155958
27	21719	155702
28	21725	155682
29	21730	154838
30	21749	154828
31	21752	154635
32	21760	154346
33	21762	154187
34	21772	153549
35	21783	153067
36	21793	153024
37	21816	152938
38	21823	152532
39	21825	151778
40	21846	151253
41	21856	150674
42	21879	149395
43	21909	148903
44	21932	147624
45	21965	147495
46	21977	147334
47	21988	146558
48	22017	146207
49	22030	146199
50	22050	146078
51	22056	145466
52	22073	145141
53	22089	144595
54	22112	144400
55	22127	143900
56	22145	143529
57	22174	143178
58	22183	142834
59	22212	142483
60	22213	142437
61	22230	142112
62	22251	141742
63	22268	141417
64	22269	141371
65	22301	141288
66	22302	141242
67	22307	140676
68	22335	140603
69	22336	140402
70	22349	140317
71	22365	140051
72	22373	139908
73	22374	139707
74	22391	139537
75	22403	139356
76	22404	139310
77	22420	139186
78	22421	138985
79	22429	138842
80	22442	138615
81	22458	138491
82	22459	138290
83	22460	138244
84	22476	138120
85	22493	138115
86	22497	137750
87	22498	137549
88	22514	137425
89	22515	137379
90	22540	137190
91	22553	136684
92	22586	136555
93	22595	136325
94	22620	136288
95	22626	136071
96	22639	136063
97	22640	136035
98	22642	136018
99	22652	135557
100	22665	135330
101	22681	135206
102	22682	135005
103	22715	134876
104	22720	134465
105	22721	134264
106	22737	134140
107	22754	134135
108	22763	133905
109	22776	133399
110	22809	133270
111	22818	133040
112	22843	133003
113	22851	132911
114	22859	132879
115	22863	132750
116	22865	132733
117	22882	132724
118	22888	132708
119	22896	132621
120	22898	132138
121	22920	132117
122	22931	132009
123	22943	131843
124	22962	131758
125	22976	131714
126	22985	131484
127	22987	131472
128	23007	131468
129	23009	131451
130	23010	131447
131	23018	131355
132	23020	131343
133	23026	131323
134	23030	131194
135	23032	131177
136	23041	130901
137	23042	130856
138	23065	130582
139	23083	130542
140	23098	130453
141	23110	130292
142	23128	130252
143	23129	130202
144	23131	130190
145	23143	130163
146	23154	129916
147	23163	129640
148	23185	129619
149	23196	129511
150	23208	129350
151	23209	129300
152	23227	129260
153	23241	129221
154	23242	129171
155	23244	128965
156	23274	128953
157	23277	128836
158	23286	128606
159	23307	128358
160	23319	128146
161	23352	128017
162	23361	127787
163	23366	127704
164	23388	127683
165	23394	127658
166	23399	127575
167	23406	127497
168	23408	127480
169	23411	127409
170	23430	127324
171	23441	126885
172	23463	126864
173	23474	126756
174	23486	126595
175	23505	126505
176	23510	126422
177	23530	126219
178	23533	126148
179	23555	126127
180	23563	126090
181	23566	126019
182	23575	125929
183	23578	125858
184	23585	125603
185	23618	125474
186	23630	125313
187	23649	125287
188	23653	125179
189	23674	124937
190	23677	124866
191	23698	124698
192	23719	124647
193	23722	124576
194	23731	124569
195	23741	124550
196	23742	124513
197	23743	124408
198	23762	124318
199	23766	124200
200	23787	124032
201	23790	123961
202	23797	123897
203	23823	123832
204	23825	123694
205	23835	123671
206	23842	123416
207	23870	123404
208	23875	123287
209	23886	123231
210	23887	123126
211	23906	123100
212	23910	122992
213	23931	122750
214	23934	122679
215	23964	122621
216	23967	122550
217	23976	122460
218	23979	122389
219	23998	122363
220	23999	122326
221	24002	122255
222	24023	122013
223	24037	121988
224	24047	121965
225	24054	121710
226	24082	121507
227	24099	121420
228	24112	121379
229	24115	121308
230	24127	121217
231	24143	121044
232	24146	120973
233	24171	120841
234	24188	120754
235	24191	120683
236	24204	120642
237	24216	120551
238	24235	120307
239	24263	120136
240	24280	120017
241	24294	119801
242	24324	119673
243	24327	119602
244	24339	119511
245	24352	119470
246	24369	119383
247	24372	119312
248	24383	119135
249	24404	119077
250	24416	118936
251	24428	118845
252	24447	118819
253	24449	118787
254	24461	118646
255	24475	118430
256	24507	118386
257	24508	118301
258	24520	118140
259	24524	118108
260	24552	117905
261	24564	117764
262	24585	117706
263	24597	117615
264	24609	117474
265	24616	117371
266	24638	117227
267	24661	117081
268	24688	117015
269	24694	116952
270	24705	116737
271	24730	116490
272	24750	116447
273	24763	116361
274	24764	116199
275	24797	116000
276	24809	115909
277	24819	115856
278	24842	115710
279	24865	115564
280	24878	115318
281	24895	115040
282	24928	114911
283	24945	114828
284	24955	114798
285	24978	114699
286	24980	114688
287	24983	114672
288	24987	114303
289	25020	114174
290	25047	114061
291	25055	114033
292	25059	113947
293	25075	113935
294	25076	113669
295	25103	113648
296	25109	113540
297	25128	113516
298	25135	113131
299	25168	112932
300	25195	112889
301	25201	112803
302	25223	112763
303	25228	112690
304	25236	112662
305	25246	112581
306	25251	112476
307	25274	112455
308	25279	112452
309	25284	112277
310	25305	112043
311	25316	111760
312	25349	111631
313	25376	111518
314	25404	111392
315	25409	111389
316	25414	111346
317	25432	111105
318	25465	110976
319	25486	110672
320	25514	110546
321	25519	110543
322	25524	110500
323	25547	110417
324	25552	110374
325	25557	110371
326	25585	110245
327	25599	110004
328	25617	109895
329	25627	109878
330	25632	109875
331	25645	109769
332	25650	109766
333	25660	109749
334	25671	109648
335	25672	109550
336	25688	109370
337	25709	109158
338	25737	109032
339	25742	109029
340	25747	108832
341	25775	108706
342	25780	108633
343	25798	108524
344	25808	108507
345	25813	108504
346	25826	108398
347	25831	108395
348	25841	108378
349	25850	108371
350	25857	107986
351	25885	107860
352	25890	107787
353	25918	107661
354	25923	107658
355	25928	107461
356	25956	107335
357	25961	107332
358	25986	107289
359	25989	107206
360	26011	107180
361	26014	107163
362	26019	107160
363	26030	107067
364	26031	107000
365	26038	106615
366	26066	106489
367	26071	106486
368	26099	106360
369	26139	106052
370	26159	106008
371	26172	105923
372	26187	105882
373	26192	105879
374	26199	105810
375	26207	105782
376	26220	105753
377	26227	105684
378	26232	105681
379	26236	105403
380	26255	105397
381	26269	105274
382	26285	105238
383	26287	104880
384	26320	104751
385	26347	104638
386	26375	104512
387	26380	104509
388	26385	104466
389	26403	104225
390	26434	104189
391	26436	104096
392	26457	103792
393	26485	103666
394	26490	103663
395	26495	103620
396	26518	103537
397	26523	103494
398	26528	103491
399	26556	103365
400	26584	103292
401	26586	103267
402	26589	103231
403	26592	103193
404	26604	103094
405	26620	103067
406	26625	103064
407	26632	102968
408	26637	102927
409	26640	102879
410	26642	102768
411	26643	102670
412	26670	102642
413	26671	102544
414	26676	102541
415	26694	102446
416	26696	102421
417	26699	102385
418	26700	102276
419	26727	102259
420	26728	102150
421	26733	102147
422	26749	102111
423	26751	101753
424	26779	101627
425	26784	101624
426	26809	101581
427	26810	101430
428	26838	101304
429	26843	101301
430	26847	101255
431	26848	101104
432	26861	100907
433	26889	100781
434	26894	100778
435	26899	100581
436	26927	100455
437	26932	100452
438	26957	100409
439	26958	100258
440	26986	100132
441	26991	100129
442	27007	100093
443	27009	99735
444	27037	99609
445	27042	99606
446	27070	99480
447	27126	99435
448	27130	99128
449	27158	99002
450	27163	98999
451	27191	98873
452	27226	98644
453	27246	98389
454	27274	98263
455	27279	98260
456	27307	98134
457	27365	98128
458	27367	97782
459	27395	97656
460	27400	97653
461	27420	97489
462	27448	97363
463	27453	97360
464	27463	97298
465	27481	97234
466	27491	97172
467	27496	97169
468	27519	96981
469	27541	96882
470	27547	96855
471	27552	96852
472	27569	96756
473	27574	96753
474	27580	96726
475	27602	96627
476	27640	96374
477	27657	96143
478	27685	96017
479	27690	96014
480	27718	95888
481	27756	95635
482	27778	95536
483	27784	95509
484	27789	95506
485	27806	95410
486	27811	95407
487	27817	95380
488	27839	95281
489	27845	95261
490	27873	95135
491	27877	95028
492	27905	94902
493	27910	94899
494	27930	94735
495	27958	94609
496	27963	94606
497	27973	94544
498	27991	94480
499	28001	94418
500	28006	94415
501	28027	94399
502	28034	94289
503	28051	94128
504	28079	94002
505	28084	93999
506	28112	93873
507	28155	93790
508	28160	93787
509	28161	93662
510	28167	93389
511	28195	93263
512	28200	93260
513	28228	93134
514	28284	93094
515	28288	92782
516	28316	92656
517	28321	92653
518	28349	92527
519	28355	92507
520	28383	92381
521	28388	92378
522	28416	92252
523	28446	92165
524	28451	92162
525	28476	91900
526	28504	91774
527	28509	91771
528	28537	91645
529	28598	91528
530	28599	91502
531	28616	91301
532	28644	91175
533	28649	91172
534	28676	91105
535	28677	91046
536	28683	91026
537	28704	90979
538	28709	90976
539	28711	90900
540	28716	90897
541	28720	90895
542	28737	90850
543	28744	90771
544	28748	90769
545	28753	90766
546	28774	90684
547	28779	90681
548	28781	90640
549	28804	90419
550	28832	90293
551	28836	90156
552	28864	90030
553	28869	90027
554	28897	89901
555	28957	89549
556	28985	89423
557	28990	89420
558	29018	89294
559	29024	89274
560	29052	89148
561	29057	89145
562	29085	89019
563	29115	88932
564	29120	88929
565	29145	88667
566	29173	88541
567	29178	88538
568	29206	88412
569	29276	88321
570	29281	88318
571	29309	88192
572	29345	87872
573	29373	87746
574	29378	87743
575	29406	87617
576	29436	87565
577	29464	87439
578	29469	87436
579	29475	87381
580	29497	87310
581	29503	87255
582	29508	87252
583	29533	86990
584	29561	86864
585	29566	86861
586	29594	86735
587	29707	86712
588	29737	86660
589	29765	86534
590	29770	86531
591	29776	86476
592	29798	86405
593	29804	86350
594	29809	86347
595	29834	86085
596	29862	85959
597	29867	85956
598	29895	85830
599	29990	85800
600	29995	85797
601	30003	85715
602	30008	85712
603	30023	85671
604	30036	85586
605	30065	85568
606	30106	85482
607	30117	85477
608	30122	85474
609	30128	85461
610	30133	85458
611	30134	85356
612	30139	85353
613	30150	85341
614	30161	85332
615	30167	85227
616	30178	85215
617	30183	85212
618	30194	85181
619	30208	85145
620	30211	85086
621	30222	85055
622	30227	85052
623	30241	85016
624	30255	84926
625	30291	84895
626	30296	84892
627	30304	84810
628	30309	84807
629	30322	84766
630	30337	84681
631	30350	84640
632	30355	84637
633	30383	84511
634	30435	84451
635	30440	84448
636	30462	84427
637	30468	84322
638	30496	84300
639	30501	84297
640	30529	84171
641	30577	84120
642	30582	84117
643	30601	84112
644	30602	84076
645	30610	83991
646	30623	83861
647	30651	83735
648	30656	83732
649	30684	83606
650	30773	83499
651	30792	83491
652	30797	83488
653	30812	83447
654	30825	83362
655	30854	83344
656	30864	83260
657	30895	83258
658	30906	83253
659	30911	83250
660	30923	83132
661	30928	83129
662	30939	83117
663	30956	83003
664	30967	82991
665	30972	82988
666	30983	82957
667	30997	82921
668	31000	82862
669	31011	82831
670	31016	82828
671	31030	82792
672	31044	82702
673	31080	82671
674	31085	82668
675	31093	82586
676	31098	82583
677	31113	82542
678	31126	82457
679	31155	82439
680	31196	82353
681	31224	82227
682	31229	82224
683	31257	82098
684	31285	82076
685	31290	82073
686	31318	81947
687	31366	81896
688	31371	81893
689	31390	81888
690	31391	81852
691	31399	81767
692	31445	81764
693	31452	81701
694	31453	81682
695	31458	81679
696	31472	81643
697	31473	81638
698	31486	81553
699	31501	81530
700	31529	81404
701	31534	81401
702	31562	81275
703	31617	81194
704	31620	81165
705	31625	81162
706	31653	81036
707	31696	81029
708	31726	80992
709	31731	80989
710	31751	80948
711	31756	80933
712	31759	80863
713	31812	80797
714	31832	80739
715	31861	80626
716	31889	80500
717	31894	80497
718	31922	80371
719	31980	80261
720	31985	80258
721	32013	80132
722	32049	80101
723	32054	80098
724	32062	80016
725	32067	80013
726	32082	79972
727	32095	79887
728	32171	79871
729	32213	79859
730	32228	79783
731	32242	79777
732	32254	79773
733	32259	79767
734	32260	79764
735	32261	79735
736	32266	79732
737	32272	79707
738	32282	79647
739	32287	79644
740	32294	79606
741	32315	79518
742	32335	79501
743	32340	79498
744	32343	79496
745	32348	79493
746	32350	79487
747	32355	79455
748	32368	79372
749	32376	79367
750	32378	79361
751	32381	79323
752	32394	79238
753	32409	79197
754	32414	79194
755	32422	79112
756	32427	79109
757	32442	79068
758	32455	78983
759	32520	78958
760	32525	78952
761	32530	78949
762	32533	78873
763	32558	78823
764	32592	78821
765	32599	78783
766	32613	78722
767	32620	78695
768	32641	78682
769	32657	78673
770	32662	78670
771	32678	78585
772	32683	78582
773	32690	78544
774	32711	78456
775	32743	78445
776	32744	78363
777	32771	78319
778	32776	78316
779	32804	78190
780	32841	78175
781	32853	78161
782	32858	78158
783	32862	78080
784	32867	78077
785	32886	78032
786	32895	77951
787	32938	77944
788	32955	77893
789	32960	77890
790	32988	77764
791	33016	77669
792	33021	77666
793	33049	77540
794	33099	77524
795	33104	77521
796	33107	77430
797	33112	77427
798	33132	77395
799	33140	77301
800	33183	77294
801	33222	77287
802	33242	77243
803	33255	77158
804	33263	77142
805	33276	77057
806	33291	77016
807	33296	77013
808	33304	76931
809	33309	76928
810	33324	76887
811	33337	76802
812	33407	76771
813	33412	76768
814	33426	76750
815	33427	76727
816	33440	76642
817	33474	76640
818	33502	76514
819	33508	76492
820	33521	76407
821	33536	76366
822	33541	76363
823	33549	76281
824	33554	76278
825	33569	76237
826	33582	76152
827	33653	76147
828	33690	76123
829	33695	76120
830	33715	76048
831	33723	75994
832	33756	75987
833	33760	75954
834	33802	75875
835	33813	75835
836	33826	75834
837	33837	75752
838	33861	75734
839	33865	75626
840	33870	75623
841	33894	75605
842	33898	75497
843	33935	75473
844	33940	75470
845	33961	75466
846	33968	75344
847	33989	75340
848	33994	75337
849	34002	75255
850	34007	75252
851	34022	75211
852	34035	75126
853	34130	75124
854	34148	75035
855	34168	75022
856	34169	74934
857	34197	74808
858	34202	74805
859	34230	74679
860	34287	74649
861	34292	74646
862	34305	74645
863	34318	74600
864	34320	74520
865	34333	74519
866	34351	74471
867	34388	74447
868	34393	74444
869	34414	74284
870	34442	74158
871	34447	74155
872	34475	74029
873	34570	74027
874	34623	74008
875	34628	74005
876	34654	73983
877	34656	73879
878	34667	73878
879	34695	73752
880	34712	73749
881	34740	73623
882	34745	73620
883	34773	73494
884	34825	73447
885	34867	73258
886	34895	73132
887	34900	73129
888	34928	73003
889	35023	73001
890	35087	72981
891	35105	72930
892	35115	72855
893	35120	72852
894	35148	72726
895	35220	72702
896	35238	72660
897	35243	72657
898	35247	72637
899	35267	72632
900	35271	72531
901	35317	72409
902	35322	72406
903	35347	72337
904	35350	72280
905	35374	72272
906	35375	72211
907	35402	72146
908	35422	72141
909	35517	72139
910	35531	72130
911	35542	72129
912	35550	72113
913	35555	72110
914	35567	72060
915	35570	72003
916	35583	71984
917	35595	71934
918	35615	71874
919	35620	71871
920	35622	71869
921	35642	71864
922	35648	71745
923	35701	71672
924	35708	71646
925	35713	71643
926	35741	71517
927	35742	71509
928	35770	71383
929	35775	71380
930	35803	71254
931	35856	71181
932	35990	71106
933	35995	71103
934	36023	70977
935	36076	70904
936	36122	70888
937	36146	70782
938	36188	70725
939	36199	70709
940	36215	70660
941	36222	70588
942	36249	70523
943	36250	70462
944	36277	70397
945	36303	70389
946	36330	70324
947	36442	70311
948	36458	70235
949	36470	70185
950	36497	70120
951	36523	70112
952	36550	70047
953	36555	70023
954	36583	69897
955	36588	69894
956	36616	69768
957	36669	69695
958	36771	69653
959	36774	69650
960	36798	69588
961	36824	69580
962	36851	69515
963	36904	69504
964	36905	69443
965	36926	69425
966	36931	69422
967	36932	69378
968	36958	69370
969	36959	69296
970	37012	69223
971	37035	69102
972	37062	69037
973	37063	68976
974	37090	68911
975	37116	68903
976	37143	68838
977	37248	68793
978	37271	68749
979	37324	68676
980	37378	68630
981	37398	68614
982	37405	68565
983	37406	68504
984	37433	68439
985	37459	68431
986	37486	68366
987	37540	68363
988	37547	68335
989	37550	68333
990	37567	68298
991	37584	68167
992	37611	68102
993	37637	68094
994	37664	68029
995	37717	68018
996	37718	67957
997	37745	67892
998	37771	67884
999	37798	67819
1000	37872	67757
1001	37898	67749
1002	37925	67684
1003	37954	67630
1004	37980	67622
1005	37990	67553
1006	37994	67543
1007	38021	67478
1008	38047	67470
1009	38066	67404
1010	38093	67339
1011	38188	67337
1012	38198	67294
1013	38210	67276
1014	38239	67148
1015	38266	67083
1016	38292	67075
1017	38319	67010
1018	38350	66959
1019	38376	66951
1020	38393	66948
1021	38403	66886
1022	38436	66822
1023	38437	66761
1024	38464	66696
1025	38490	66688
1026	38517	66623
1027	38561	66597
1028	38588	66532
1029	38649	66524
1030	38656	66459
1031	38684	66419
1032	38689	66330
1033	38742	66257
1034	38770	66196
1035	38775	66193
1036	38803	66067
1037	38856	65994
1038	38958	65952
1039	38961	65949
1040	38985	65887
1041	39011	65879
1042	39032	65858
1043	39038	65814
1044	39085	65785
1045	39092	65742
1046	39113	65724
1047	39118	65721
1048	39119	65677
1049	39136	65538
1050	39163	65473
1051	39189	65465
1052	39216	65400
1053	39249	65336
1054	39250	65275
1055	39277	65210
1056	39303	65202
1057	39330	65137
1058	39435	65092
1059	39458	65048
1060	39506	65001
1061	39511	64975
1062	39559	64928
1063	39592	64864
1064	39593	64803
1065	39620	64738
1066	39646	64730
1067	39673	64665
1068	39727	64662
1069	39737	64632
1070	39754	64597
1071	39771	64466
1072	39798	64401
1073	39824	64393
1074	39851	64328
1075	39904	64317
1076	39905	64256
1077	39932	64191
1078	39958	64183
1079	39985	64118
1080	40090	64073
1081	40114	63994
1082	40141	63929
1083	40167	63921
1084	40194	63856
1085	40258	63823
1086	40265	63783
1087	40292	63718
1088	40318	63710
1089	40339	63686
1090	40345	63645
1091	40382	63643
1092	40392	63613
1093	40409	63578
1094	40426	63447
1095	40453	63382
1096	40479	63374
1097	40506	63309
1098	40611	63264
1099	40651	63237
1100	40666	63223
1101	40678	63172
1102	40704	63164
1103	40731	63099
1104	40766	63084
1105	40773	63059
1106	40786	62974
1107	40813	62909
1108	40839	62901
1109	40853	62886
1110	40860	62877
1111	40866	62836
1112	40880	62821
1113	40906	62813
1114	40913	62804
1115	40933	62748
1116	40999	62724
1117	41025	62716
1118	41037	62710
1119	41038	62703
1120	41039	62701
1121	41052	62651
1122	41064	62645
1123	41066	62636
1124	41075	62607
1125	41102	62542
1126	41128	62534
1127	41150	62490
1128	41155	62469
1129	41203	62417
1130	41275	62382
1131	41277	62346
1132	41304	62281
1133	41330	62273
1134	41357	62208
1135	41374	62077
1136	41401	62012
1137	41427	62004
1138	41454	61939
1139	41559	61894
1140	41560	61892
1141	41587	61827
1142	41613	61819
1143	41640	61754
1144	41671	61681
1145	41724	61608
1146	41818	61583
1147	41829	61563
1148	41857	61496
1149	41910	61423
1150	41997	61389
1151	42012	61378
1152	42019	61357
1153	42040	61348
1154	42050	61340
1155	42057	61325
1156	42065	61305
1157	42076	61234
1158	42097	61188
1159	42124	61123
1160	42169	61120
1161	42185	61077
1162	42196	61055
1163	42211	60971
1164	42264	60898
1165	42278	60883
1166	42331	60810
1167	42362	60793
1168	42370	60792
1169	42405	60772
1170	42415	60720
1171	42423	60719
1172	42458	60699
1173	42467	60694
1174	42469	60656
1175	42484	60615
1176	42497	60530
1177	42550	60457
1178	42628	60451
1179	42640	60436
1180	42655	60412
1181	42656	60351
1182	42702	60343
1183	42706	60268
1184	42759	60195
1185	42773	60180
1186	42799	60074
1187	42852	60001
1188	42883	59984
1189	42936	59911
1190	42971	59896
1191	43005	59806
1192	43018	59721
1193	43071	59648
1194	43085	59633
1195	43138	59560
1196	43177	59542
1197	43230	59469
1198	43294	59371
1199	43347	59298
1200	43427	59267
1201	43435	59201
1202	43480	59194
1203	43488	59128
1204	43509	59093
1205	43562	59020
1206	43606	58824
1207	43659	58751
1208	43764	58706
1209	43819	58665
1210	43900	58653
1211	43924	58620
1212	43973	58555
1213	44017	58482
1214	44048	58453
1215	44122	58437
1216	44150	58378
1217	44158	58312
1218	44230	58284
1219	44263	58267
1220	44292	58102
1221	44325	58079
1222	44329	57935
1223	44434	57890
1224	44608	57875
1225	44616	57849
1226	44625	57793
1227	44648	57758
1228	44696	57666
1229	44801	57621
1230	44806	57597
1231	44829	57562
1232	44877	57503
1233	44900	57468
1234	44942	57409
1235	45011	57357
1236	45015	57213
1237	45120	57168
1238	45151	57124
1239	45256	57079
1240	45286	57033
1241	45295	57015
1242	45323	57014
1243	45331	56986
1244	45348	56921
1245	45453	56876
1246	45518	56855
1247	45527	56802
1248	45529	56725
1249	45592	56724
1250	45634	56680
1251	45641	56635
1252	45708	56606
1253	45727	56578
1254	45750	56563
1255	45773	56528
1256	45837	56402
1257	45881	56382
1258	45891	56340
1259	45973	56316
1260	45996	56295
1261	46042	56269
1262	46046	56125
1263	46151	56080
1264	46183	56074
1265	46248	56001
1266	46271	55994
1267	46306	55922
1268	46351	55914
1269	46404	55912
1270	46411	55877
1271	46450	55875
1272	46456	55869
1273	46463	55824
1274	46492	55737
1275	46526	55707
1276	46597	55692
1277	46607	55609
1278	46659	55594
1279	46683	55593
1280	46703	55571
1281	46712	55564
1282	46713	55529
1283	46787	55525
1284	46788	55413
1285	46840	55403
1286	46868	55314
1287	46922	55252
1288	46981	55239
1289	47027	55207
1290	47070	55190
1291	47083	55153
1292	47118	55146
1293	47128	55111
1294	47159	55066
1295	47264	55021
1296	47284	54941
1297	47292	54910
1298	47348	54896
1299	47363	54853
1300	47429	54798
1301	47442	54762
1302	47465	54745
1303	47530	54682
1304	47582	54672
1305	47610	54602
1306	47657	54592
1307	47690	54506
1308	47744	54441
1309	47753	54337
1310	47841	54257
1311	47981	54255
1312	48000	54194
1313	48067	54142
1314	48088	54114
1315	48114	54099
1316	48119	54094
1317	48156	54092
1318	48170	54088
1319	48185	54042
1320	48207	54014
1321	48242	53947
1322	48287	53934
1323	48330	53867
1324	48404	53861
1325	48409	53815
1326	48434	53810
1327	48458	53792
1328	48479	53781
1329	48492	53745
1330	48497	53735
1331	48517	53707
1332	48521	53563
1333	48575	53526
1334	48626	53518
1335	48663	53446
1336	48800	53407
1337	48815	53357
1338	48876	53256
1339	48981	53211
1340	49010	53173
1341	49064	53136
1342	49115	53128
1343	49132	53045
1344	49177	53041
1345	49231	53004
1346	49232	52996
1347	49293	52970
1348	49314	52934
1349	49319	52924
1350	49339	52896
1351	49343	52752
1352	49448	52707
1353	49517	52641
1354	49530	52605
1355	49583	52583
1356	49618	52525
1357	49698	52445
1358	49803	52400
1359	49832	52362
1360	49910	52348
1361	49920	52309
1362	49954	52234
1363	49975	52233
1364	49999	52230
1365	50054	52185
1366	50115	52159
1367	50149	52151
1368	50153	52128
1369	50180	52034
1370	50195	52025
1371	50241	51991
1372	50285	51989
1373	50300	51980
1374	50324	51871
1375	50352	51794
1376	50405	51772
1377	50440	51714
1378	50505	51675
1379	50574	51658
1380	50609	51651
1381	50610	51630
1382	50653	51589
1383	50662	51578
1384	50709	51559
1385	50758	51544
1386	50787	51507
1387	50797	51422
1388	50890	51363
1389	50971	51340
1390	50982	51329
1391	50995	51318
1392	51016	51254
1393	51048	51221
1394	51111	51209
1395	51116	51205
1396	51136	51141
1397	51159	51024
1398	51247	50944
1399	51354	50935
1400	51428	50903
1401	51459	50890
1402	51483	50886
1403	51490	50871
1404	51515	50864
1405	51521	50829
1406	51544	50712
1407	51632	50632
1408	51724	50598
1409	51777	50579
1410	51792	50567
1411	51841	50549
1412	51843	50545
1413	51877	50530
1414	51907	50477
1415	51952	50473
1416	51978	50471
1417	51987	50453
1418	52001	50406
1419	52003	50379
1420	52063	50371
1421	52067	50349
1422	52086	50322
1423	52133	50277
1424	52152	50195
1425	52197	50125
1426	52297	50115
1427	52301	50107
1428	52302	50080
1429	52305	50075
1430	52369	50045
1431	52392	50026
1432	52416	49955
1433	52491	49940
1434	52519	49934
1435	52521	49910
1436	52571	49886
1437	52577	49884
1438	52579	49860
1439	52636	49835
1440	52659	49806
1441	52662	49776
1442	52664	49772
1443	52710	49770
1444	52749	49742
1445	52762	49727
1446	52790	49717
1447	52798	49690
1448	52829	49662
1449	52839	49660
1450	52844	49624
1451	52881	49614
1452	52888	49576
1453	52944	49537
1454	52961	49526
1455	52975	49452
1456	53008	49451
1457	53039	49385
1458	53134	49369
1459	53162	49340
1460	53173	49283
1461	53177	49280
1462	53190	49272
1463	53214	49215
1464	53245	49172
1465	53311	49100
1466	53437	49067
1467	53458	49024
1468	53483	49011
1469	53555	49010
1470	53561	48984
1471	53563	48979
1472	53571	48931
1473	53666	48813
1474	53771	48768
1475	53804	48761
1476	53817	48712
1477	53829	48678
1478	53837	48653
1479	53915	48564
1480	54020	48519
1481	54023	48499
1482	54066	48399
1483	54135	48356
1484	54219	48349
1485	54240	48311
1486	54297	48299
1487	54353	48288
1488	54361	48271
1489	54383	48173
1490	54429	48171
1491	54488	48128
1492	54508	48007
1493	54613	47962
1494	54626	47950
1495	54651	47922
1496	54731	47905
1497	54733	47897
1498	54737	47753
1499	54842	47708
1500	54986	47696
1501	55008	47685
1502	55031	47568
1503	55068	47552
1504	55119	47488
1505	55209	47473
1506	55287	47382
1507	55362	47367
1508	55392	47337
1509	55450	47287
1510	55480	47223
1511	55535	47199
1512	55581	47197
1513	55585	47178
1514	55590	47164
1515	55591	47123
1516	55669	47117
1517	55679	47043
1518	55731	46990
1519	55819	46910
1520	55846	46879
1521	55951	46834
1522	56033	46767
1523	56048	46707
1524	56112	46677
1525	56153	46662
1526	56178	46605
1527	56253	46598
1528	56273	46579
1529	56283	46560
1530	56342	46522
1531	56361	46499
1532	56400	46438
1533	56467	46437
1534	56472	46420
1535	56494	46412
1536	56505	46393
1537	56560	46340
1538	56591	46329
1539	56650	46325
1540	56653	46283
1541	56654	46270
1542	56684	46217
1543	56696	46183
1544	56704	46158
1545	56781	46110
1546	56822	46101
1547	56847	46073
1548	56883	46016
1549	56890	46004
1550	56933	45904
1551	57038	45859
1552	57127	45838
1553	57184	45819
1554	57227	45719
1555	57315	45639
1556	57405	45624
1557	57482	45595
1558	57509	45573
1559	57565	45571
1560	57585	45566
1561	57590	45543
1562	57610	45511
1563	57633	45474
1564	57676	45374
1565	57775	45347
1566	57778	45340
1567	57781	45329
1568	57786	45315
1569	57841	45310
1570	57863	45267
1571	57884	45241
1572	57927	45141
1573	58015	45061
1574	58209	44995
1575	58310	44933
1576	58378	44930
1577	58399	44929
1578	58409	44882
1579	58421	44830
1580	58442	44829
1581	58532	44814
1582	58547	44784
1583	58549	44741
1584	58642	44694
1585	58693	44666
1586	58781	44586
1587	58852	44566
1588	58943	44562
1589	58975	44520
1590	59013	44513
1591	59061	44495
1592	59076	44458
1593	59144	44455
1594	59165	44454
1595	59175	44407
1596	59187	44355
1597	59208	44354
1598	59231	44307
1599	59315	44266
1600	59355	44256
1601	59367	44222
1602	59375	44197
1603	59493	44140
1604	59518	44112
1605	59561	44043
1606	59604	43943
1607	59815	43885
1608	59889	43875
1609	59899	43815
1610	59974	43725
1611	60117	43721
1612	60146	43684
1613	60185	43667
1614	60193	43649
1615	60210	43632
1616	60212	43612
1617	60245	43605
1618	60269	43597
1619	60347	43585
1620	60354	43583
1621	60367	43508
1622	60442	43483
1623	60472	43463
1624	60501	43444
1625	60563	43435
1626	60564	43355
1627	60669	43310
1628	60687	43290
1629	60718	43224
1630	60730	43190
1631	60738	43165
1632	60812	43122
1633	60856	43108
1634	60881	43080
1635	60917	43077
1636	60924	43011
1637	60967	42911
1638	61182	42904
1639	61226	42890
1640	61251	42862
1641	61262	42783
1642	61337	42693
1643	61480	42689
1644	61531	42671
1645	61556	42617
1646	61573	42600
1647	61632	42565
1648	61720	42531
1649	61731	42514
1650	61756	42494
1651	61808	42451
1652	61896	42417
1653	61943	42382
1654	62080	42355
1655	62090	42313
1656	62162	42306
1657	62178	42233
1658	62189	42200
1659	62266	42199
1660	62282	42153
1661	62460	42133
1662	62461	42125
1663	62485	42123
1664	62502	42106
1665	62510	42067
1666	62559	41982
1667	62652	41935
1668	62778	41906
1669	62829	41884
1670	62871	41859
1671	62880	41849
1672	62888	41842
1673	62947	41807
1674	62985	41751
1675	63032	41691
1676	63137	41646
1677	63247	41635
1678	63258	41624
1679	63280	41623
1680	63326	41506
1681	63402	41473
1682	63414	41426
1683	63504	41411
1684	63548	41394
1685	63599	41351
1686	63696	41288
1687	63784	41208
1688	63874	41193
1689	63993	41172
1690	64003	41132
1691	64066	41108
1692	64142	41093
1693	64178	41029
1694	64268	41014
1695	64300	40993
1696	64310	40976
1697	64365	40876
1698	64482	40840
1699	64526	40823
1700	64544	40745
1701	64603	40740
1702	64611	40715
1703	64672	40713
1704	64705	40692
1705	64729	40658
1706	64836	40605
1707	64840	40461
1708	65001	40408
1709	65234	40282
1710	65395	40229
1711	65549	40174
1712	65655	40108
1713	65702	40100
1714	65764	40058
1715	65815	40033
1716	65901	40020
1717	65903	40015
1718	65929	40005
1719	65946	39965
1720	65991	39935
1721	66012	39823
1722	66147	39783
1723	66203	39714
1724	66242	39681
1725	66378	39639
1726	66403	39628
1727	66453	39623
1728	66495	39558
1729	66636	39502
1730	66744	39501
1731	66772	39460
1732	66797	39449
1733	66832	39421
1734	66852	39416
1735	66865	39340
1736	67012	39293
1737	67069	39291
1738	67100	39281
1739	67129	39257
1740	67157	39211
1741	67259	39161
1742	67261	39083
1743	67298	39072
1744	67423	39071
1745	67470	39063
1746	67473	39046
1747	67527	38993
1748	67568	38955
1749	67579	38938
1750	67655	38904
1751	67684	38893
1752	67719	38888
1753	67723	38744
1754	67941	38741
1755	67963	38738
1756	68008	38644
1757	68067	38639
1758	68075	38614
1759	68125	38608
1760	68146	38534
1761	68263	38498
1762	68304	38360
1763	68421	38324
1764	68465	38307
1765	68582	38271
1766	68698	38181
1767	68815	38145
1768	68859	38128
1769	68960	38109
1770	68976	38092
1771	69013	38073
1772	69072	38067
1773	69121	38056
1774	69130	38037
1775	69170	38034
1776	69174	38020
1777	69217	37979
1778	69279	37923
1779	69326	37901
1780	69426	37852
1781	69442	37849
1782	69516	37837
1783	69586	37789
1784	69600	37701
1785	69729	37687
1786	69759	37686
1787	69761	37648
1788	69780	37638
1789	69816	37616
1790	69828	37608
1791	69838	37592
1792	69868	37558
1793	69904	37536
1794	69936	37505
1795	69970	37483
1796	69993	37435
1797	70024	37425
1798	70081	37355
1799	70242	37302
1800	70366	37226
1801	70475	37176
1802	70527	37173
1803	70636	37123
1804	70695	37103
1805	70760	37047
1806	70917	37039
1807	70921	36994
1808	71070	36967
1809	71075	36939
1810	71167	36922
1811	71174	36917
1812	71187	36876
1813	71235	36815
1814	71244	36806
1815	71303	36801
1816	71311	36776
1817	71327	36725
1818	71472	36723
1819	71483	36592
1820	71540	36522
1821	71701	36469
1822	71869	36399
1823	71934	36343
1824	72095	36290
1825	72249	36235
1826	72345	36231
1827	72402	36161
1828	72563	36108
1829	72626	36089
1830	72633	36084
1831	72666	36079
1832	72731	36038
1833	72782	35956
1834	72957	35929
1835	73060	35900
1836	73098	35831
1837	73231	35821
1838	73254	35698
1839	73446	35648
1840	73516	35626
1841	73573	35622
1842	73644	35595
1843	73648	35519
1844	73840	35469
1845	73896	35431
1846	73963	35411
1847	74116	35337
1848	74265	35316
1849	74290	35252
1850	74322	35246
1851	74442	35211
1852	74451	35202
1853	74483	35193
1854	74510	35158
1855	74534	35121
1856	74679	35119
1857	74690	34988
1858	74747	34918
1859	74908	34865
1860	75076	34795
1861	75141	34739
1862	75302	34686
1863	75518	34648
1864	75552	34627
1865	75609	34557
1866	75770	34504
1867	75833	34485
1868	75840	34480
1869	75873	34475
1870	75938	34434
1871	75989	34352
1872	76164	34325
1873	76267	34296
1874	76305	34227
1875	76461	34094
1876	76653	34044
1877	76723	34022
1878	76851	33991
1879	76855	33915
1880	77047	33865
1881	77103	33827
1882	77275	33816
1883	77321	33811
1884	77323	33733
1885	77489	33718
1886	77497	33648
1887	77717	33554
1888	77909	33504
1889	77939	33501
1890	77965	33466
1891	78137	33455
1892	78210	33404
1893	78226	33387
1894	78280	33382
1895	78351	33357
1896	78359	33287
1897	78604	33225
1898	78660	33187
1899	78801	33140
1900	79009	33124
1901	79038	33105
1902	79054	33008
1903	79269	32985
1904	79421	32980
1905	79431	32978
1906	79432	32926
1907	79466	32864
1908	79522	32826
1909	79663	32806
1910	79825	32799
1911	79855	32756
1912	79911	32718
1913	79916	32647
1914	80293	32617
1915	80297	32609
1916	80305	32539
1917	80495	32522
1918	80550	32509
1919	80584	32495
1920	80587	32487
1921	80640	32457
1922	80687	32438
1923	80747	32392
1924	80917	32376
1925	80984	32357
1926	81018	32295
1927	81034	32278
1928	81088	32273
1929	81256	32249
1930	81311	32197
1931	81378	32178
1932	81412	32116
1933	81468	32078
1934	81742	32063
1935	81832	32048
1936	81862	31899
1937	82254	31894
1938	82256	31873
1939	82310	31860
1940	82356	31824
1941	82446	31809
1942	82496	31761
1943	82678	31727
1944	82722	31716
1945	82772	31689
1946	82778	31678
1947	82868	31663
1948	82994	31654
1949	83069	31603
1950	83072	31548
1951	83172	31499
1952	83262	31484
1953	83492	31449
1954	83549	31389
1955	83588	31364
1956	83666	31353
1957	83752	31342
1958	83756	31338
1959	83808	31304
1960	84070	31243
1961	84170	31194
1962	84202	31125
1963	84534	31079
1964	84568	31017
1965	84624	30979
1966	85018	30800
1967	85532	30774
1968	85566	30712
1969	85622	30674
1970	85739	30638
1971	86016	30495
1972	86133	30459
1973	86663	30437
1974	86793	30288
1975	87171	30275
1976	87320	30257
1977	87354	30195
1978	87410	30157
1979	87638	30129
1980	87804	29978
1981	88169	29970
1982	88286	29934
1983	88493	29910
1984	88649	29819
1985	88946	29763
1986	89284	29749
1987	89294	29747
1988	89301	29743
1989	89405	29694
1990	89491	29605
1991	89580	29604
1992	89618	29587
1993	89678	29570
1994	89805	29552
1995	89957	29453
1996	90110	29446
1997	90292	29442
1998	90299	29438
1999	90409	29430
2000	90416	29402
2001	90525	29391
2002	90578	29299
2003	90695	29263
2004	91037	29255
2005	91074	29203
2006	91108	29141
2007	91235	29123
2008	91355	29092
2009	91638	29037
2010	91822	29032
2011	91842	29012
2012	91909	28978
2013	91972	28961
2014	92036	28960
2015	92054	28948
2016	92087	28921
2017	92146	28908
2018	92216	28853
2019	92343	28835
2020	92366	28782
2021	92707	28778
2022	92714	28777
2023	92820	28731
2024	92947	28713
2025	93017	28690
2026	93044	28674
2027	93118	28660
2028	93139	28654
2029	93144	28603
2030	93271	28585
2031	93331	28568
2032	93458	28550
2033	93575	28538
2034	93627	28533
2035	93702	28520
2036	93725	28467
2037	93763	28444
2038	93945	28440
2039	94042	28369
2040	94137	28349
2041	94264	28331
2042	94367	28318
2043	94376	28301
2044	94494	28300
2045	94503	28288
2046	94564	28281
2047	94630	28270
2048	94690	28253
2049	94727	28201
2050	94761	28139
2051	94888	28121
2052	95281	28104
2053	95341	28087
2054	95401	28054
2055	95496	28034
2056	95562	27976
2057	95689	27958
2058	96052	27888
2059	96086	27886
2060	96120	27824
2061	96247	27806
2062	96534	27799
2063	96676	27793
2064	96718	27787
2065	96737	27720
2066	96771	27658
2067	96898	27640
2068	97208	27623
2069	97227	27618
2070	97287	27613
2071	97335	27605
2072	97354	27600
2073	97414	27595
2074	97567	27574
2075	97582	27561
2076	97616	27499
2077	97743	27481
2078	98009	27460
2079	98072	27459
2080	98132	27454
2081	98136	27442
2082	98170	27418
2083	98218	27408
2084	98297	27400
2085	98336	27391
2086	98345	27390
2087	98372	27374
2088	98463	27373
2089	98467	27368
2090	98499	27356
2091	98562	27348
2092	98567	27308
2093	98694	27290
2094	98821	27252
2095	98915	27250
2096	98948	27234
2097	99152	27200
2098	99186	27138
2099	99313	27120
2100	99666	27093
2101	99760	27091
2102	99787	27078
2103	99793	27075
2104	99834	27034
2105	99948	26964
2106	100158	26961
2107	100296	26959
2108	100438	26912
2109	100579	26904
2110	100617	26902
2111	100633	26888
2112	100679	26875
2113	100749	26801
2114	100947	26793
2115	101028	26788
2116	101230	26738
2117	101236	26732
2118	101307	26649
2119	101594	26642
2120	101679	26622
2121	101816	26551
2122	101958	26483
2123	102395	26448
2124	102414	26443
2125	102474	26438
2126	102617	26388
2127	102704	26378
2128	102803	26324
2129	103175	26236
2130	103462	26229
2131	103505	26215
2132	103547	26209
2133	103559	26199
2134	103749	26174
2135	103754	26133
2136	103826	26070
2137	104063	26063
2138	104263	26035
2139	104282	26030
2140	104342	26025
2141	104373	25963
2142	104671	25911
2143	104714	25897
2144	105064	25872
2145	105127	25871
2146	105151	25862
2147	105170	25857
2148	105218	25804
2149	105427	25786
2150	105559	25738
2151	105622	25720
2152	105909	25713
2153	105952	25699
2154	105962	25689
2155	105974	25679
2156	106164	25654
2157	106241	25550
2158	106510	25547
2159	106797	25540
2160	106807	25530
2161	106818	25513
2162	107043	25503
2163	107086	25391
2164	107129	25377
2165	107663	25354
2166	107793	25352
2167	107842	25266
2168	107974	25218
2169	108399	25214
2170	108609	25204
2171	108638	25193
2172	108681	25179
2173	108686	25100
2174	108730	25093
2175	108920	25068
2176	109244	25055
2177	109287	25041
2178	109526	25020
2179	109531	24941
2180	109574	24927
2181	110132	24882
2182	110376	24880
2183	110419	24768
2184	111078	24732
2185	111318	24730
2186	111365	24618
2187	112044	24606
2188	112223	24591
2189	112264	24580
2190	112405	24577
2191	112703	24570
2192	112856	24530
2193	112972	24501
2194	112990	24456
2195	113283	24444
2196	113395	24440
2197	113579	24434
2198	113848	24429
2199	113889	24418
2200	113942	24408
2201	114182	24406
2202	114229	24294
2203	114424	24275
2204	115087	24267
2205	115128	24256
2206	115269	24253
2207	115282	24248
2208	115323	24237
2209	115464	24234
2210	115495	24188
2211	115836	24177
2212	115854	24132
2213	116252	24089
2214	116681	24082
2215	116715	24020
2216	116954	23998
2217	117288	23951
2218	117765	23901
2219	117799	23839
2220	118657	23812
2221	118698	23801
2222	118839	23798
2223	119116	23765
2224	119290	23751
2225	119322	23739
2226	119579	23696
2227	119818	23674
2228	119829	23661
2229	120383	23654
2230	120620	23627
2231	120629	23577
2232	120663	23515
2233	121521	23488
2234	121562	23477
2235	121703	23474
2236	122150	23459
2237	122186	23415
2238	122484	23412
2239	122659	23399
2240	122693	23337
2241	122995	23300
2242	123733	23296
2243	123853	23273
2244	123894	23262
2245	124035	23259
2246	124216	23237
2247	124312	23226
2248	124486	23212
2249	124518	23200
2250	124775	23157
2251	125014	23135
2252	125025	23122
2253	125674	23119
2254	125815	23116
2255	125816	23088
2256	125825	23038
2257	125859	22976
2258	126717	22949
2259	126758	22938
2260	126899	22935
2261	127382	22876
2262	127855	22860
2263	127889	22798
2264	128747	22771
2265	128858	22762
2266	128929	22757
2267	129412	22698
2268	130105	22690
2269	130139	22628
2270	130942	22625
2271	130961	22620
2272	130997	22601
2273	131108	22592
2274	131179	22587
2275	131662	22528
2276	132520	22501
2277	132631	22492
2278	132702	22487
2279	133192	22455
2280	133211	22450
2281	133603	22438
2282	133810	22435
2283	134069	22423
2284	134161	22419
2285	134180	22414
2286	134251	22409
2287	134572	22402
2288	134643	22397
2289	134741	22377
2290	135126	22338
2291	135333	22335
2292	135975	22286
2293	136060	22265
2294	136675	22260
2295	136882	22257
2296	136918	22238
2297	137029	22229
2298	137100	22224
2299	137524	22208
2300	137583	22165
2301	138441	22138
2302	138552	22129
2303	138623	22124
2304	139113	22092
2305	139132	22087
2306	139524	22075
2307	139990	22060
2308	140082	22056
2309	140101	22051
2310	140172	22046
2311	140493	22039
2312	140564	22034
2313	140662	22014
2314	141047	21975
2315	141702	21973
2316	141896	21923
2317	142577	21902
2318	142596	21897
2319	142865	21887
2320	142936	21882
2321	143445	21845
2322	144126	21824
2323	144414	21809
2324	144485	21804
2325	144868	21803
2326	145095	21788
2327	145166	21783
2328	145360	21733
2329	146221	21729
2330	146229	21728
2331	146329	21697
2332	146400	21692
2333	146909	21655
2334	147770	21651
2335	147778	21650
2336	147878	21619
2337	147949	21614
2338	148332	21613
2339	148810	21610
2340	148818	21609
2341	148918	21578
2342	149301	21577
2343	149372	21572
2344	149847	21562
2345	149881	21535
2346	150742	21531
2347	150750	21530
2348	150816	21526
2349	150850	21499
2350	150921	21494
2351	151396	21484
2352	151890	21458
2353	152365	21448
2354	152436	21443
2355	153064	21434
2356	153135	21429
2357	153147	21397
2358	154008	21393
2359	154016	21392
2360	154116	21361
2361	154187	21356
2362	154696	21319
2363	155557	21315
2364	155565	21314
2365	155665	21283
2366	155736	21278
2367	156119	21277
2368	156597	21274
2369	156605	21273
2370	156705	21242
2371	157088	21241
2372	157159	21236
2373	157634	21226
2374	157668	21199
2375	158529	21195
2376	158537	21194
2377	158603	21190
2378	158637	21163
2379	158708	21158
2380	159183	21148
2381	159677	21122
2382	160152	21112
2383	160223	21107
2384	160851	21098
2385	160922	21093
2386	161075	21090
2387	161192	21071
2388	161850	21069
2389	161891	21057
2390	162044	21054
2391	162366	21047
2392	162437	21042
2393	162590	21039
2394	163218	21030
2395	163289	21025
2396	163406	21006
2397	163559	21003
2398	164217	21001
2399	164258	20989
2400	164733	20979
2401	164804	20974
2402	165462	20972
2403	165665	20970
2404	165673	20969
2405	165773	20938
2406	166431	20936
2407	166634	20934
2408	166642	20933
2409	167292	20932
2410	167300	20931
2411	167503	20929
2412	168161	20927
2413	169185	20912
2414	169843	20910
2415	170046	20908
2416	170054	20907
2417	170704	20906
2418	170712	20905
2419	170915	20903
2420	171573	20901
2421	173333	20892
2422	173353	20891
2423	173370	20886
2424	173808	20882
2425	173879	20877
2426	174375	20873
2427	174404	20869
2428	174421	20851
2429	174848	20841
2430	175344	20837
2431	175717	20836
2432	176002	20835
2433	176205	20833
2434	176213	20832
2435	176771	20801
2436	177429	20799
2437	177632	20797
2438	177640	20796
2439	178262	20785
2440	178758	20781
2441	179131	20780
2442	179416	20779
2443	179619	20777
2444	179627	20776
2445	180277	20775
2446	180285	20774
2447	180488	20772
2448	181146	20770
2449	182430	20764
2450	182926	20760
2451	183299	20759
2452	183584	20758
2453	183787	20756
2454	183795	20755
2455	184445	20754
2456	184453	20753
2457	184656	20751
2458	185314	20749
