1	21282	178446
2	21292	176171
3	21294	176156
4	21304	173881
5	21305	173801
6	21315	171526
7	21317	171511
8	21327	169236
9	21341	169017
10	21355	168458
11	21363	168271
12	21368	167312
13	21370	167297
14	21380	165022
15	21394	164571
16	21408	164244
17	21416	164057
18	21422	163793
19	21430	163606
20	21436	163574
21	21442	163362
22	21444	163279
23	21446	163086
24	21456	162911
25	21458	162828
26	21460	162635
27	21464	162108
28	21478	161657
29	21492	161330
30	21500	161143
31	21506	160879
32	21514	160692
33	21526	160448
34	21528	160365
35	21530	160172
36	21540	159997
37	21542	159914
38	21544	159721
39	21562	159483
40	21566	159207
41	21576	159032
42	21580	158756
43	21594	158392
44	21608	157941
45	21622	157614
46	21630	157427
47	21633	157342
48	21636	157163
49	21644	156976
50	21647	156891
51	21656	156732
52	21658	156649
53	21660	156456
54	21669	156377
55	21670	156281
56	21672	156198
57	21674	156005
58	21683	155926
59	21692	155767
60	21695	155682
61	21696	155491
62	21699	155406
63	21706	155316
64	21709	155231
65	21710	155040
66	21713	154955
67	21729	154889
68	21731	154696
69	21735	154441
70	21745	154266
71	21749	153990
72	21763	153626
73	21776	153623
74	21777	153175
75	21790	153172
76	21791	152848
77	21799	152661
78	21805	152397
79	21813	152210
80	21825	151966
81	21827	151883
82	21829	151690
83	21839	151515
84	21841	151432
85	21843	151239
86	21861	151001
87	21865	150725
88	21875	150550
89	21879	150274
90	21896	150206
91	21898	150123
92	21900	149930
93	21909	149822
94	21914	149711
95	21918	149692
96	21919	149647
97	21921	149564
98	21922	149416
99	21923	149371
100	21928	149350
101	21932	149241
102	21936	148965
103	21942	148899
104	21945	148857
105	21950	148746
106	21955	148682
107	21959	148406
108	21964	148385
109	21967	148290
110	21974	148210
111	21977	148115
112	21978	147934
113	21981	147839
114	21994	147671
115	21999	147590
116	22002	147548
117	22003	147325
118	22013	147150
119	22016	147097
120	22017	146874
121	22030	146706
122	22035	146625
123	22044	146517
124	22047	146422
125	22049	146406
126	22054	146342
127	22057	146247
128	22058	146066
129	22061	145971
130	22066	145950
131	22074	145803
132	22076	145775
133	22078	145692
134	22080	145499
135	22083	145457
136	22093	145282
137	22097	145006
138	22102	144985
139	22110	144838
140	22112	144810
141	22115	144757
142	22116	144534
143	22129	144366
144	22142	144358
145	22143	144313
146	22144	144275
147	22146	144082
148	22156	143907
149	22158	143824
150	22160	143631
151	22173	143463
152	22178	143393
153	22182	143117
154	22192	142942
155	22196	142666
156	22209	142498
157	22228	142392
158	22231	142297
159	22236	142276
160	22238	142249
161	22242	141973
162	22250	141825
163	22253	141783
164	22263	141657
165	22266	141615
166	22267	141332
167	22272	141311
168	22280	141164
169	22285	141083
170	22286	140860
171	22299	140692
172	22313	140639
173	22314	140601
174	22316	140408
175	22327	140330
176	22328	140150
177	22330	139957
178	22343	139789
179	22352	139443
180	22365	139275
181	22366	138992
182	22379	138824
183	22398	138750
184	22402	138678
185	22409	138460
186	22412	138299
187	22416	138227
188	22425	138131
189	22429	138059
190	22431	137946
191	22438	137713
192	22445	137495
193	22452	137262
194	22465	137094
195	22481	137056
196	22488	136823
197	22497	136822
198	22501	136655
199	22510	136654
200	22518	136579
201	22522	136507
202	22524	136394
203	22531	136161
204	22538	135943
205	22545	135710
206	22558	135542
207	22574	135504
208	22581	135271
209	22594	135103
210	22610	135023
211	22617	134790
212	22624	134572
213	22631	134339
214	22660	134133
215	22667	133900
216	22676	133899
217	22681	133831
218	22684	133824
219	22688	133752
220	22703	133471
221	22710	133238
222	22717	133020
223	22724	132787
224	22753	132581
225	22760	132348
226	22774	132279
227	22790	132241
228	22794	132117
229	22797	132008
230	22810	131840
231	22826	131760
232	22830	131678
233	22833	131527
234	22840	131309
235	22847	131076
236	22876	130870
237	22883	130637
238	22892	130636
239	22900	130561
240	22919	130208
241	22926	129975
242	22933	129757
243	22940	129524
244	22969	129318
245	22976	129085
246	23008	129033
247	23010	128854
248	23018	128779
249	23028	128699
250	23038	128688
251	23045	128455
252	23046	128415
253	23054	128340
254	23064	128260
255	23074	128249
256	23078	128106
257	23081	128016
258	23091	128011
259	23095	127947
260	23111	127909
261	23114	127667
262	23119	127647
263	23122	127592
264	23124	127550
265	23131	127508
266	23147	127428
267	23151	127338
268	23154	127195
269	23160	127111
270	23161	126977
271	23168	126744
272	23196	126682
273	23197	126538
274	23203	126449
275	23204	126305
276	23210	126231
277	23217	125998
278	23240	125876
279	23246	125792
280	23247	125643
281	23253	125559
282	23254	125425
283	23261	125192
284	23290	124986
285	23297	124753
286	23329	124701
287	23331	124522
288	23339	124447
289	23349	124367
290	23367	124083
291	23375	124008
292	23385	123928
293	23399	123774
294	23404	123754
295	23407	123699
296	23412	123679
297	23424	123677
298	23427	123622
299	23435	123335
300	23440	123315
301	23443	123260
302	23445	123218
303	23463	123183
304	23472	123006
305	23480	122931
306	23481	122779
307	23490	122778
308	23498	122703
309	23508	122567
310	23516	122492
311	23517	122350
312	23524	122117
313	23531	121899
314	23538	121666
315	23567	121460
316	23574	121227
317	23606	121175
318	23608	120996
319	23616	120921
320	23626	120841
321	23644	120557
322	23652	120482
323	23662	120402
324	23676	120248
325	23681	120228
326	23684	120173
327	23689	120153
328	23701	120151
329	23704	120096
330	23712	119809
331	23717	119789
332	23720	119734
333	23725	119714
334	23740	119657
335	23749	119480
336	23757	119405
337	23769	119403
338	23772	119348
339	23777	119328
340	23782	119324
341	23785	119041
342	23793	118966
343	23805	118964
344	23808	118909
345	23813	118889
346	23817	118867
347	23825	118792
348	23834	118710
349	23837	118655
350	23842	118635
351	23845	118580
352	23846	118485
353	23853	118428
354	23854	118410
355	23860	118034
356	23868	117959
357	23896	117595
358	23904	117520
359	23945	117264
360	23948	117209
361	23953	117189
362	23956	117134
363	23984	116770
364	23992	116695
365	24033	116439
366	24041	116364
367	24061	116324
368	24068	116131
369	24076	116056
370	24089	115960
371	24097	115885
372	24104	115692
373	24112	115617
374	24143	115556
375	24146	115554
376	24151	115481
377	24153	115361
378	24161	115286
379	24181	115246
380	24185	115157
381	24193	115082
382	24209	114882
383	24217	114807
384	24221	114718
385	24229	114643
386	24258	114551
387	24266	114476
388	24270	114387
389	24273	114332
390	24278	114312
391	24281	114257
392	24305	114237
393	24309	113893
394	24317	113818
395	24358	113562
396	24366	113487
397	24386	113447
398	24393	113254
399	24401	113179
400	24414	113083
401	24416	112791
402	24424	112716
403	24465	112460
404	24473	112385
405	24497	112343
406	24504	111966
407	24512	111891
408	24553	111635
409	24561	111560
410	24585	111518
411	24593	111443
412	24624	110888
413	24632	110813
414	24663	110752
415	24671	110677
416	24673	110557
417	24681	110482
418	24705	110440
419	24712	110421
420	24713	110365
421	24714	110159
422	24722	110084
423	24762	110034
424	24763	109828
425	24766	109773
426	24771	109753
427	24774	109698
428	24802	109334
429	24810	109259
430	24851	109003
431	24859	108928
432	24879	108888
433	24886	108695
434	24894	108620
435	24907	108524
436	24915	108449
437	24922	108256
438	24930	108181
439	24961	108120
440	24964	108118
441	24969	108045
442	24971	107925
443	24979	107850
444	24999	107810
445	25003	107721
446	25011	107646
447	25027	107446
448	25035	107371
449	25039	107282
450	25047	107207
451	25076	107115
452	25084	107040
453	25088	106951
454	25091	106896
455	25096	106876
456	25099	106821
457	25123	106801
458	25127	106457
459	25135	106382
460	25176	106126
461	25184	106051
462	25204	106011
463	25211	105818
464	25219	105743
465	25232	105647
466	25234	105355
467	25242	105280
468	25283	105024
469	25291	104949
470	25315	104907
471	25322	104530
472	25330	104455
473	25371	104199
474	25379	104124
475	25403	104082
476	25411	104007
477	25442	103452
478	25450	103377
479	25481	103316
480	25489	103241
481	25491	103121
482	25499	103046
483	25523	103004
484	25530	102985
485	25531	102929
486	25538	102910
487	25562	102868
488	25567	102831
489	25570	102793
490	25572	102673
491	25580	102598
492	25604	102526
493	25616	102500
494	25619	102462
495	25624	102425
496	25643	102385
497	25645	102270
498	25653	102195
499	25657	101934
500	25665	101859
501	25696	101798
502	25704	101723
503	25706	101603
504	25714	101528
505	25738	101486
506	25745	101467
507	25746	101411
508	25753	101392
509	25777	101350
510	25782	101313
511	25785	101275
512	25787	101155
513	25795	101080
514	25819	101008
515	25831	100982
516	25834	100944
517	25839	100907
518	25858	100867
519	25860	100752
520	25868	100677
521	25885	100626
522	25893	100551
523	25907	100541
524	25912	100534
525	25920	100459
526	25932	100415
527	25934	100295
528	25942	100220
529	25966	100178
530	25973	100159
531	25974	100103
532	25981	100084
533	25993	100056
534	26005	100042
535	26012	100016
536	26013	99967
537	26015	99847
538	26023	99772
539	26047	99700
540	26062	99636
541	26074	99608
542	26086	99559
543	26088	99444
544	26096	99369
545	26120	99327
546	26127	99308
547	26128	99252
548	26135	99233
549	26159	99191
550	26167	99116
551	26169	98996
552	26177	98921
553	26208	98860
554	26216	98785
555	26230	98722
556	26238	98647
557	26262	98605
558	26269	98586
559	26270	98530
560	26277	98511
561	26301	98469
562	26309	98394
563	26311	98274
564	26319	98199
565	26343	98127
566	26358	98063
567	26382	97986
568	26384	97871
569	26392	97796
570	26416	97754
571	26423	97735
572	26424	97679
573	26431	97660
574	26455	97618
575	26463	97543
576	26465	97423
577	26473	97348
578	26504	97287
579	26512	97212
580	26524	97192
581	26536	97135
582	26563	97056
583	26573	96861
584	26612	96725
585	26649	96571
586	26688	96435
587	26698	96240
588	26737	96104
589	26752	95884
590	26791	95748
591	26801	95553
592	26840	95417
593	26917	95378
594	26921	95362
595	26944	95259
596	26956	95242
597	26962	95188
598	26977	95058
599	27001	95052
600	27012	94750
601	27048	94311
602	27087	94175
603	27097	93980
604	27136	93844
605	27213	93805
606	27223	93775
607	27233	93580
608	27272	93444
609	27330	93349
610	27346	93323
611	27364	93257
612	27385	93187
613	27403	93121
614	27427	93085
615	27466	92949
616	27471	92925
617	27482	92923
618	27487	92743
619	27526	92607
620	27579	92532
621	27596	92516
622	27607	92488
623	27617	92293
624	27645	92185
625	27656	92157
626	27684	92049
627	27754	92020
628	27760	91999
629	27767	91990
630	27772	91982
631	27775	91950
632	27778	91928
633	27793	91798
634	27817	91792
635	27828	91490
636	27864	91051
637	27903	90915
638	27913	90720
639	27952	90584
640	28029	90545
641	28039	90515
642	28046	90465
643	28049	90320
644	28088	90184
645	28095	90134
646	28134	89998
647	28201	89927
648	28231	89734
649	28251	89641
650	28270	89598
651	28290	89505
652	28303	89483
653	28342	89347
654	28387	89241
655	28406	89117
656	28426	89105
657	28439	89083
658	28445	88981
659	28461	88925
660	28485	88897
661	28500	88789
662	28524	88761
663	28535	88647
664	28574	88511
665	28584	88316
666	28623	88180
667	28700	88141
668	28710	88111
669	28713	88045
670	28720	87916
671	28723	87850
672	28759	87780
673	28762	87714
674	28839	87675
675	28846	87664
676	28849	87645
677	28859	87450
678	28898	87314
679	28974	87079
680	29013	86943
681	29090	86904
682	29103	86888
683	29110	86679
684	29113	86613
685	29149	86543
686	29152	86477
687	29190	86466
688	29228	86464
689	29229	86438
690	29236	86427
691	29242	86422
692	29249	86213
693	29287	86202
694	29288	86077
695	29326	86066
696	29364	86064
697	29365	86038
698	29372	86027
699	29375	85961
700	29385	85858
701	29414	85825
702	29416	85647
703	29455	85511
704	29521	85458
705	29541	85365
706	29555	85181
707	29594	85045
708	29671	85006
709	29677	84965
710	29710	84870
711	29716	84829
712	29754	84827
713	29783	84806
714	29793	84790
715	29795	84784
716	29799	84724
717	29802	84722
718	29803	84713
719	29817	84529
720	29827	84426
721	29856	84393
722	29866	84290
723	29943	84251
724	29956	84235
725	29972	84218
726	29978	84177
727	29981	84067
728	29983	83933
729	30020	83931
730	30022	83797
731	30060	83795
732	30076	83763
733	30099	83758
734	30112	83742
735	30128	83638
736	30138	83622
737	30176	83620
738	30191	83610
739	30192	83588
740	30206	83563
741	30230	83474
742	30244	83463
743	30245	83281
744	30283	83279
745	30284	83145
746	30322	83143
747	30338	83111
748	30361	83106
749	30362	83070
750	30400	82970
751	30409	82819
752	30447	82817
753	30448	82683
754	30486	82681
755	30502	82649
756	30525	82644
757	30538	82628
758	30548	82598
759	30564	82508
760	30602	82506
761	30617	82483
762	30618	82474
763	30624	82418
764	30656	82360
765	30658	82345
766	30689	82344
767	30697	82316
768	30710	82295
769	30712	82220
770	30714	82175
771	30742	82157
772	30749	82092
773	30753	82039
774	30758	82015
775	30788	81956
776	30797	81879
777	30857	81871
778	30869	81864
779	30874	81767
780	30906	81714
781	30913	81704
782	30919	81663
783	30935	81620
784	30945	81578
785	30974	81484
786	31012	81482
787	31013	81378
788	31030	81260
789	31045	81248
790	31069	81124
791	31084	81112
792	31117	81096
793	31140	81061
794	31167	81032
795	31179	80925
796	31186	80767
797	31224	80765
798	31225	80631
799	31263	80629
800	31279	80597
801	31302	80592
802	31317	80493
803	31341	80456
804	31356	80357
805	31404	80329
806	31433	80308
807	31439	80264
808	31472	80182
809	31473	80000
810	31511	79998
811	31512	79864
812	31550	79862
813	31566	79830
814	31589	79825
815	31627	79823
816	31628	79689
817	31666	79687
818	31681	79677
819	31682	79655
820	31696	79630
821	31708	79621
822	31712	79568
823	31720	79541
824	31737	79537
825	31751	79432
826	31776	79401
827	31796	79400
828	31805	79398
829	31806	79338
830	31813	79273
831	31835	79264
832	31845	79202
833	31852	79137
834	31890	79135
835	31906	79103
836	31917	79009
837	31956	78873
838	31999	78801
839	32021	78787
840	32038	78665
841	32076	78663
842	32092	78631
843	32135	78571
844	32161	78552
845	32164	78550
846	32165	78426
847	32177	78348
848	32204	78242
849	32216	78212
850	32243	78106
851	32308	78074
852	32320	78067
853	32332	78037
854	32347	77938
855	32359	77931
856	32395	77910
857	32415	77894
858	32424	77889
859	32439	77863
860	32443	77810
861	32446	77782
862	32463	77763
863	32464	77581
864	32502	77579
865	32503	77445
866	32541	77443
867	32580	77406
868	32583	77379
869	32616	77372
870	32619	77270
871	32657	77268
872	32672	77258
873	32687	77211
874	32689	77166
875	32703	77149
876	32711	77122
877	32730	77043
878	32733	77015
879	32742	77013
880	32769	76907
881	32772	76879
882	32804	76854
883	32842	76852
884	32843	76718
885	32881	76716
886	32888	76704
887	32920	76679
888	32927	76650
889	32956	76645
890	32959	76543
891	32990	76382
892	33028	76380
893	33029	76246
894	33067	76244
895	33093	76228
896	33109	76180
897	33112	76152
898	33132	76092
899	33170	76090
900	33196	76084
901	33209	76053
902	33213	76012
903	33215	75967
904	33248	75917
905	33259	75816
906	33297	75814
907	33298	75680
908	33330	75655
909	33368	75653
910	33369	75519
911	33407	75517
912	33433	75501
913	33456	75475
914	33465	75430
915	33469	75393
916	33472	75365
917	33510	75363
918	33517	75238
919	33555	75236
920	33585	75218
921	33588	75190
922	33599	75089
923	33619	75029
924	33638	74953
925	33658	74893
926	33696	74891
927	33707	74874
928	33745	74872
929	33746	74738
930	33765	74607
931	33797	74576
932	33804	74471
933	33836	74440
934	33874	74438
935	33881	74432
936	33913	74401
937	33920	74296
938	33952	74265
939	33967	74166
940	34012	74148
941	34015	74138
942	34043	74039
943	34074	74004
944	34083	73991
945	34084	73809
946	34122	73807
947	34123	73673
948	34161	73671
949	34200	73634
950	34238	73632
951	34239	73498
952	34277	73496
953	34291	73408
954	34323	73377
955	34330	73272
956	34362	73241
957	34400	73239
958	34424	73082
959	34462	73080
960	34463	72946
961	34501	72944
962	34540	72907
963	34547	72878
964	34579	72771
965	34610	72610
966	34648	72608
967	34649	72474
968	34687	72472
969	34770	72471
970	34771	72337
971	34809	72335
972	34817	72323
973	34833	72240
974	34881	72212
975	34887	72151
976	34925	72149
977	34940	72078
978	34950	71883
979	34988	71881
980	34989	71747
981	35027	71745
982	35110	71744
983	35111	71610
984	35149	71608
985	35157	71596
986	35179	71552
987	35217	71550
988	35256	71480
989	35266	71477
990	35286	71408
991	35324	71406
992	35325	71272
993	35363	71270
994	35385	71254
995	35403	71204
996	35413	71141
997	35424	71118
998	35452	71005
999	35535	71004
1000	35569	70988
1001	35574	70868
1002	35642	70810
1003	35655	70767
1004	35684	70743
1005	35690	70682
1006	35694	70631
1007	35704	70613
1008	35742	70611
1009	35743	70477
1010	35753	70414
1011	35792	70278
1012	35875	70277
1013	35914	70141
1014	35982	70083
1015	36050	70026
1016	36059	70011
1017	36060	69999
1018	36089	69939
1019	36093	69897
1020	36128	69803
1021	36188	69785
1022	36206	69735
1023	36227	69649
1024	36245	69583
1025	36283	69581
1026	36284	69447
1027	36322	69445
1028	36361	69408
1029	36399	69406
1030	36400	69272
1031	36438	69270
1032	36453	69260
1033	36474	69252
1034	36480	69204
1035	36492	69124
1036	36530	69122
1037	36546	69008
1038	36594	69000
1039	36614	68987
1040	36625	68976
1041	36635	68875
1042	36668	68864
1043	36706	68862
1044	36708	68841
1045	36719	68818
1046	36747	68705
1047	36809	68682
1048	36824	68666
1049	36835	68643
1050	36847	68627
1051	36853	68557
1052	36863	68530
1053	36896	68428
1054	36955	68382
1055	36973	68318
1056	36999	68313
1057	37018	68291
1058	37038	68177
1059	37048	68114
1060	37087	67978
1061	37164	67939
1062	37203	67803
1063	37256	67791
1064	37277	67783
1065	37283	67735
1066	37295	67655
1067	37378	67654
1068	37389	67605
1069	37397	67531
1070	37417	67518
1071	37428	67507
1072	37438	67406
1073	37471	67395
1074	37519	67394
1075	37522	67349
1076	37560	67269
1077	37593	67258
1078	37612	67213
1079	37628	67211
1080	37638	67174
1081	37650	67158
1082	37697	67142
1083	37702	67122
1084	37709	67112
1085	37718	67106
1086	37727	67048
1087	37730	67026
1088	37737	66985
1089	37776	66849
1090	37802	66844
1091	37841	66708
1092	37918	66669
1093	37957	66533
1094	38010	66521
1095	38037	66465
1096	38049	66385
1097	38132	66384
1098	38143	66373
1099	38151	66261
1100	38171	66248
1101	38182	66237
1102	38192	66136
1103	38225	66125
1104	38258	66112
1105	38259	66076
1106	38297	65976
1107	38298	65940
1108	38374	65937
1109	38378	65810
1110	38413	65801
1111	38466	65789
1112	38484	65756
1113	38491	65715
1114	38500	65673
1115	38505	65653
1116	38530	65579
1117	38607	65529
1118	38620	65524
1119	38627	65507
1120	38652	65442
1121	38721	65434
1122	38729	65392
1123	38732	65347
1124	38733	65311
1125	38806	65205
1126	38813	65181
1127	38848	65172
1128	38895	65142
1129	38926	65086
1130	38928	65068
1131	38938	65005
1132	38965	64950
1133	38977	64869
1134	39012	64842
1135	39021	64833
1136	39049	64814
1137	39051	64706
1138	39088	64678
1139	39093	64676
1140	39128	64667
1141	39132	64540
1142	39167	64531
1143	39220	64519
1144	39247	64463
1145	39254	64403
1146	39259	64383
1147	39306	64347
1148	39361	64259
1149	39381	64246
1150	39412	64240
1151	39428	64210
1152	39456	64204
1153	39483	64122
1154	39486	64077
1155	39523	64049
1156	39528	64047
1157	39563	64038
1158	39567	63911
1159	39602	63902
1160	39649	63872
1161	39682	63834
1162	39694	63754
1163	39741	63718
1164	39796	63630
1165	39803	63544
1166	39842	63408
1167	39925	63407
1168	39964	63271
1169	40079	63170
1170	40109	63141
1171	40118	63034
1172	40201	63033
1173	40238	62915
1174	40240	62897
1175	40277	62779
1176	40333	62662
1177	40416	62661
1178	40422	62649
1179	40455	62525
1180	40553	62405
1181	40600	62395
1182	40634	62341
1183	40698	62275
1184	40727	62247
1185	40729	62169
1186	40768	62033
1187	40899	61993
1188	40913	61903
1189	41024	61817
1190	41063	61681
1191	41098	61654
1192	41136	61627
1193	41137	61518
1194	41179	61488
1195	41214	61479
1196	41218	61352
1197	41253	61343
1198	41306	61331
1199	41333	61275
1200	41340	61215
1201	41345	61195
1202	41392	61159
1203	41447	61071
1204	41467	61058
1205	41498	61052
1206	41514	61022
1207	41569	60934
1208	41572	60889
1209	41614	60859
1210	41649	60850
1211	41653	60723
1212	41688	60714
1213	41735	60684
1214	41768	60646
1215	41780	60566
1216	41827	60530
1217	41882	60442
1218	41922	60441
1219	41979	60417
1220	42015	60384
1221	42021	60317
1222	42027	60304
1223	42058	60260
1224	42091	60249
1225	42097	60124
1226	42130	60113
1227	42170	60055
1228	42203	60044
1229	42250	60036
1230	42262	59987
1231	42264	59982
1232	42304	59981
1233	42320	59903
1234	42344	59862
1235	42377	59851
1236	42390	59799
1237	42394	59740
1238	42436	59710
1239	42471	59701
1240	42475	59574
1241	42493	59572
1242	42510	59565
1243	42532	59436
1244	42602	59417
1245	42636	59388
1246	42649	59381
1247	42654	59299
1248	42704	59293
1249	42724	59280
1250	42755	59274
1251	42771	59244
1252	42823	59143
1253	42829	59111
1254	42871	59081
1255	42906	59072
1256	42910	58945
1257	42928	58943
1258	42945	58936
1259	42967	58807
1260	43037	58788
1261	43071	58759
1262	43084	58752
1263	43133	58696
1264	43139	58664
1265	43179	58663
1266	43240	58644
1267	43241	58598
1268	43274	58587
1269	43278	58539
1270	43284	58526
1271	43291	58507
1272	43315	58482
1273	43335	58401
1274	43348	58378
1275	43354	58346
1276	43387	58335
1277	43394	58308
1278	43427	58277
1279	43460	58266
1280	43469	58219
1281	43509	58218
1282	43554	58204
1283	43593	58068
1284	43633	58067
1285	43651	58039
1286	43653	57899
1287	43693	57898
1288	43700	57848
1289	43740	57847
1290	43760	57679
1291	43800	57678
1292	43826	57665
1293	43866	57664
1294	43944	57613
1295	43966	57608
1296	43969	57519
1297	44009	57518
1298	44063	57487
1299	44068	57484
1300	44076	57437
1301	44116	57436
1302	44124	57332
1303	44176	57329
1304	44193	57302
1305	44232	57244
1306	44254	57166
1307	44286	57152
1308	44288	57138
1309	44309	57127
1310	44354	57068
1311	44370	57061
1312	44388	57055
1313	44393	56932
1314	44429	56858
1315	44469	56857
1316	44495	56835
1317	44516	56743
1318	44556	56742
1319	44597	56711
1320	44615	56630
1321	44683	56546
1322	44722	56410
1323	44812	56393
1324	44845	56382
1325	44854	56355
1326	44894	56354
1327	44897	56333
1328	44933	56318
1329	44942	56264
1330	44972	56182
1331	45097	56116
1332	45124	56056
1333	45166	56036
1334	45185	55922
1335	45225	55921
1336	45261	55910
1337	45279	55877
1338	45306	55873
1339	45312	55798
1340	45345	55787
1341	45381	55753
1342	45411	55691
1343	45432	55660
1344	45472	55659
1345	45521	55594
1346	45542	55558
1347	45551	55524
1348	45575	55497
1349	45590	55388
1350	45674	55377
1351	45688	55338
1352	45715	55322
1353	45721	55242
1354	45731	55213
1355	45771	55212
1356	45853	55187
1357	45884	55105
1358	45898	55053
1359	45930	55004
1360	45963	54993
1361	45966	54969
1362	46005	54833
1363	46031	54830
1364	46071	54829
1365	46074	54803
1366	46130	54775
1367	46133	54773
1368	46136	54700
1369	46169	54639
1370	46190	54628
1371	46240	54553
1372	46282	54480
1373	46384	54356
1374	46424	54355
1375	46457	54347
1376	46467	54318
1377	46532	54252
1378	46549	54244
1379	46589	54243
1380	46617	54160
1381	46634	54128
1382	46656	54024
1383	46696	54023
1384	46759	53999
1385	46790	53925
1386	46800	53879
1387	46840	53878
1388	46873	53811
1389	46906	53796
1390	46939	53744
1391	46981	53622
1392	46991	53593
1393	47031	53592
1394	47106	53584
1395	47116	53555
1396	47149	53544
1397	47150	53458
1398	47247	53450
1399	47252	53334
1400	47290	53330
1401	47330	53329
1402	47347	53297
1403	47400	53285
1404	47413	53254
1405	47439	53149
1406	47485	53138
1407	47515	53130
1408	47524	53002
1409	47564	53001
1410	47576	52966
1411	47609	52955
1412	47649	52954
1413	47668	52857
1414	47708	52856
1415	47743	52833
1416	47783	52832
1417	47810	52814
1418	47843	52780
1419	47849	52678
1420	47869	52672
1421	47908	52536
1422	47948	52535
1423	47965	52503
1424	48018	52491
1425	48057	52355
1426	48159	52231
1427	48199	52230
1428	48308	52225
1429	48334	52154
1430	48374	52153
1431	48387	52142
1432	48427	52141
1433	48456	52080
1434	48465	52052
1435	48500	52051
1436	48516	52041
1437	48531	51997
1438	48539	51915
1439	48582	51803
1440	48622	51802
1441	48653	51777
1442	48655	51740
1443	48692	51641
1444	48725	51630
1445	48747	51592
1446	48849	51468
1447	48889	51467
1448	49018	51422
1449	49024	51391
1450	49064	51390
1451	49095	51383
1452	49120	51311
1453	49134	51247
1454	49187	51235
1455	49226	51099
1456	49328	50975
1457	49368	50974
1458	49448	50917
1459	49488	50916
1460	49503	50898
1461	49543	50897
1462	49548	50874
1463	49588	50873
1464	49602	50810
1465	49637	50800
1466	49677	50799
1467	49706	50738
1468	49746	50737
1469	49771	50652
1470	49845	50627
1471	49884	50491
1472	49924	50435
1473	49964	50434
1474	50041	50390
1475	50053	50323
1476	50093	50322
1477	50122	50261
1478	50162	50260
1479	50181	50152
1480	50220	50016
1481	50260	50015
1482	50395	49939
1483	50435	49938
1484	50440	49915
1485	50480	49914
1486	50529	49841
1487	50569	49840
1488	50598	49779
1489	50638	49778
1490	50704	49764
1491	50707	49731
1492	50747	49730
1493	50773	49702
1494	50813	49701
1495	50838	49700
1496	50876	49698
1497	50879	49697
1498	50882	49654
1499	50905	49642
1500	50911	49630
1501	50932	49583
1502	50942	49487
1503	50982	49486
1504	51011	49425
1505	51051	49424
1506	51114	49311
1507	51146	49284
1508	51183	49249
1509	51215	49222
1510	51255	49221
1511	51321	49207
1512	51358	49172
1513	51383	49072
1514	51423	49071
1515	51459	49012
1516	51499	49011
1517	51528	48950
1518	51568	48949
1519	51634	48935
1520	51637	48902
1521	51677	48901
1522	51703	48873
1523	51719	48866
1524	51755	48839
1525	51789	48828
1526	51811	48794
1527	51817	48782
1528	51857	48781
1529	51858	48772
1530	51870	48763
1531	51895	48617
1532	51935	48616
1533	51964	48555
1534	52004	48554
1535	52044	48482
1536	52084	48481
1537	52113	48420
1538	52132	48405
1539	52172	48404
1540	52195	48384
1541	52235	48383
1542	52288	48343
1543	52304	48336
1544	52307	48328
1545	52313	48243
1546	52353	48242
1547	52488	48166
1548	52528	48165
1549	52533	48142
1550	52566	48115
1551	52606	48114
1552	52616	48072
1553	52656	48071
1554	52685	48010
1555	52693	47986
1556	52711	47916
1557	52751	47915
1558	52757	47896
1559	52780	47854
1560	52793	47769
1561	52833	47768
1562	52862	47707
1563	52902	47706
1564	52935	47630
1565	52968	47619
1566	52990	47581
1567	53004	47568
1568	53037	47557
1569	53059	47519
1570	53092	47457
1571	53132	47456
1572	53161	47395
1573	53201	47394
1574	53267	47380
1575	53274	47347
1576	53311	47192
1577	53351	47191
1578	53380	47130
1579	53420	47129
1580	53486	47115
1581	53526	47114
1582	53555	47053
1583	53595	47052
1584	53620	47051
1585	53660	47050
1586	53687	47016
1587	53691	46994
1588	53731	46993
1589	53760	46932
1590	53800	46931
1591	53866	46917
1592	53906	46916
1593	53935	46855
1594	53975	46854
1595	54000	46853
1596	54020	46844
1597	54060	46843
1598	54067	46818
1599	54090	46816
1600	54130	46815
1601	54149	46787
1602	54168	46739
1603	54172	46682
1604	54241	46620
1605	54280	46614
1606	54317	46459
1607	54357	46458
1608	54386	46397
1609	54426	46396
1610	54492	46382
1611	54532	46381
1612	54561	46320
1613	54601	46319
1614	54626	46318
1615	54666	46317
1616	54693	46283
1617	54733	46282
1618	54764	46251
1619	54801	46152
1620	54834	46141
1621	54856	46103
1622	54870	46090
1623	54903	46079
1624	54925	46041
1625	54958	45979
1626	54998	45978
1627	55027	45917
1628	55067	45916
1629	55133	45902
1630	55140	45869
1631	55177	45714
1632	55217	45713
1633	55246	45652
1634	55286	45651
1635	55352	45637
1636	55392	45636
1637	55421	45575
1638	55461	45574
1639	55486	45573
1640	55526	45572
1641	55553	45538
1642	55557	45516
1643	55597	45515
1644	55626	45454
1645	55666	45453
1646	55732	45439
1647	55772	45438
1648	55801	45377
1649	55841	45376
1650	55866	45375
1651	55906	45374
1652	55932	45367
1653	55933	45340
1654	55973	45339
1655	55997	45289
1656	56011	45270
1657	56038	45204
1658	56107	45142
1659	56180	45139
1660	56194	45126
1661	56220	45121
1662	56227	45115
1663	56249	45077
1664	56259	45027
1665	56282	45015
1666	56322	45014
1667	56351	44953
1668	56391	44952
1669	56434	44950
1670	56457	44938
1671	56464	44905
1672	56491	44890
1673	56501	44750
1674	56541	44749
1675	56570	44688
1676	56610	44687
1677	56676	44673
1678	56716	44672
1679	56745	44611
1680	56785	44610
1681	56810	44609
1682	56850	44608
1683	56877	44574
1684	56881	44552
1685	56921	44551
1686	56950	44490
1687	56990	44489
1688	57011	44438
1689	57051	44437
1690	57080	44376
1691	57120	44375
1692	57186	44361
1693	57226	44360
1694	57255	44299
1695	57295	44298
1696	57320	44297
1697	57360	44296
1698	57362	44240
1699	57431	44178
1700	57500	44177
1701	57537	44163
1702	57606	44101
1703	57661	44084
1704	57669	44082
1705	57721	44077
1706	57738	44064
1707	57759	44043
1708	57783	44038
1709	57797	44013
1710	57815	43926
1711	57855	43925
1712	57884	43864
1713	57924	43863
1714	58007	43785
1715	58047	43784
1716	58147	43783
1717	58149	43781
1718	58178	43733
1719	58182	43708
1720	58222	43707
1721	58242	43664
1722	58282	43600
1723	58340	43562
1724	58380	43561
1725	58394	43552
1726	58416	43546
1727	58456	43545
1728	58457	43523
1729	58485	43451
1730	58525	43450
1731	58555	43446
1732	58564	43432
1733	58592	43408
1734	58595	43382
1735	58660	43374
1736	58671	43354
1737	58672	43297
1738	58707	43192
1739	58747	43191
1740	58814	43149
1741	58854	43148
1742	58882	43115
1743	58922	43114
1744	58989	43072
1745	59029	43071
1746	59087	42994
1747	59127	42993
1748	59194	42951
1749	59234	42950
1750	59262	42917
1751	59302	42916
1752	59352	42905
1753	59369	42874
1754	59409	42873
1755	59442	42844
1756	59449	42785
1757	59489	42721
1758	59568	42682
1759	59622	42678
1760	59639	42669
1761	59664	42644
1762	59675	42639
1763	59708	42607
1764	59743	42605
1765	59797	42601
1766	59802	42588
1767	59835	42519
1768	59879	42488
1769	59904	42457
1770	59948	42426
1771	60021	42368
1772	60061	42367
1773	60116	42324
1774	60125	42316
1775	60192	42296
1776	60226	42271
1777	60255	42253
1778	60291	42247
1779	60295	42209
1780	60352	42133
1781	60392	42069
1782	60527	42056
1783	60533	42042
1784	60567	41992
1785	60660	41954
1786	60704	41923
1787	60729	41892
1788	60773	41861
1789	60869	41850
1790	60873	41847
1791	60882	41839
1792	60892	41828
1793	60913	41819
1794	60963	41799
1795	60983	41779
1796	60996	41777
1797	61040	41756
1798	61052	41687
1799	61089	41683
1800	61092	41623
1801	61129	41619
1802	61198	41557
1803	61267	41546
1804	61304	41542
1805	61334	41519
1806	61373	41480
1807	61374	41455
1808	61504	41454
1809	61505	41443
1810	61509	41442
1811	61530	41425
1812	61544	41390
1813	61549	41378
1814	61556	41361
1815	61569	41359
1816	61596	41297
1817	61609	41295
1818	61706	41245
1819	61770	41244
1820	61771	41220
1821	61776	41195
1822	61785	41187
1823	61829	41184
1824	61849	41146
1825	61892	41144
1826	61951	41118
1827	61956	41103
1828	62007	41086
1829	62016	41055
1830	62029	41053
1831	62049	41041
1832	62056	40991
1833	62069	40989
1834	62089	40977
1835	62195	40965
1836	62196	40934
1837	62231	40914
1838	62244	40912
1839	62260	40880
1840	62300	40816
1841	62402	40766
1842	62442	40702
1843	62496	40666
1844	62540	40635
1845	62603	40623
1846	62647	40592
1847	62712	40558
1848	62752	40494
1849	62777	40477
1850	62859	40451
1851	62918	40450
1852	62927	40417
1853	63013	40409
1854	63022	40395
1855	63034	40374
1856	63053	40345
1857	63114	40333
1858	63154	40269
1859	63216	40232
1860	63229	40230
1861	63256	40168
1862	63269	40166
1863	63363	40125
1864	63376	40123
1865	63431	40091
1866	63444	40089
1867	63489	40044
1868	63514	40027
1869	63583	39965
1870	63676	39926
1871	63689	39924
1872	63716	39862
1873	63729	39860
1874	63823	39819
1875	63836	39817
1876	63891	39785
1877	63904	39783
1878	63998	39742
1879	64011	39740
1880	64026	39734
1881	64066	39670
1882	64161	39603
1883	64170	39595
1884	64226	39594
1885	64253	39576
1886	64266	39574
1887	64268	39560
1888	64277	39552
1889	64295	39532
1890	64367	39521
1891	64428	39499
1892	64441	39497
1893	64443	39435
1894	64471	39430
1895	64474	39385
1896	64570	39344
1897	64581	39342
1898	64650	39329
1899	64677	39301
1900	64685	39224
1901	64792	39181
1902	64873	39170
1903	64882	39162
1904	64915	39161
1905	64940	39114
1906	64990	39102
1907	65003	39100
1908	65030	39038
1909	65043	39036
1910	65102	39007
1911	65125	38971
1912	65137	38902
1913	65244	38859
1914	65397	38791
1915	65438	38753
1916	65504	38748
1917	65539	38677
1918	65641	38576
1919	65654	38574
1920	65748	38533
1921	65761	38531
1922	65849	38469
1923	65956	38426
1924	66066	38375
1925	66079	38373
1926	66101	38270
1927	66114	38268
1928	66208	38227
1929	66221	38225
1930	66353	38143
1931	66366	38141
1932	66460	38100
1933	66473	38098
1934	66591	38096
1935	66604	38094
1936	66622	38056
1937	66635	38054
1938	66695	38041
1939	66698	38039
1940	66711	38037
1941	66729	38013
1942	66742	38011
1943	66778	37942
1944	66791	37940
1945	66813	37837
1946	66826	37835
1947	66920	37794
1948	66933	37792
1949	67158	37733
1950	67171	37731
1951	67265	37690
1952	67278	37688
1953	67390	37658
1954	67441	37631
1955	67454	37629
1956	67497	37615
1957	67548	37588
1958	67561	37586
1959	67706	37577
1960	67719	37575
1961	67735	37554
1962	67771	37483
1963	67784	37481
1964	67811	37475
1965	67824	37473
1966	68011	37472
1967	68018	37452
1968	68118	37429
1969	68125	37409
1970	68188	37399
1971	68201	37397
1972	68231	37327
1973	68244	37325
1974	68392	37311
1975	68399	37277
1976	68412	37275
1977	68439	37269
1978	68452	37267
1979	68504	37190
1980	68539	37085
1981	68579	37077
1982	68828	37056
1983	68917	37055
1984	68966	36968
1985	69012	36961
1986	69025	36959
1987	69047	36856
1988	69060	36854
1989	69154	36813
1990	69167	36811
1991	69326	36774
1992	69339	36772
1993	69392	36752
1994	69405	36750
1995	69433	36731
1996	69446	36729
1997	69499	36709
1998	69512	36707
1999	69656	36683
2000	69669	36681
2001	69671	36670
2002	69675	36650
2003	69688	36648
2004	69763	36640
2005	69776	36638
2006	69778	36627
2007	69782	36607
2008	69795	36605
2009	69808	36604
2010	69852	36601
2011	69865	36599
2012	69892	36593
2013	69905	36591
2014	69915	36561
2015	69946	36527
2016	69959	36525
2017	69986	36519
2018	69999	36517
2019	70024	36490
2020	70037	36488
2021	70077	36477
2022	70090	36475
2023	70099	36466
2024	70112	36464
2025	70115	36395
2026	70134	36361
2027	70147	36359
2028	70196	36283
2029	70209	36281
2030	70236	36275
2031	70249	36273
2032	70300	36260
2033	70313	36258
2034	70407	36217
2035	70420	36215
2036	70475	36201
2037	70488	36199
2038	70515	36193
2039	70528	36191
2040	70579	36178
2041	70592	36176
2042	70638	36173
2043	70645	36156
2044	70658	36154
2045	70686	36135
2046	70699	36133
2047	70745	36130
2048	70752	36113
2049	70765	36111
2050	70805	36110
2051	70818	36108
2052	70824	36077
2053	70837	36075
2054	70864	36069
2055	70877	36067
2056	70888	36061
2057	70901	36059
2058	70928	36054
2059	70941	36052
2060	70968	36001
2061	70981	35999
2062	71075	35958
2063	71088	35956
2064	71173	35917
2065	71186	35915
2066	71213	35909
2067	71226	35907
2068	71248	35893
2069	71261	35891
2070	71283	35788
2071	71296	35786
2072	71323	35780
2073	71336	35778
2074	71387	35765
2075	71400	35763
2076	71449	35687
2077	71462	35685
2078	71489	35679
2079	71502	35677
2080	71728	35605
2081	71741	35603
2082	71768	35597
2083	71781	35595
2084	71827	35592
2085	71840	35590
2086	71891	35577
2087	71904	35575
2088	71951	35574
2089	71964	35572
2090	71998	35534
2091	72011	35532
2092	72037	35488
2093	72050	35486
2094	72077	35480
2095	72090	35478
2096	72117	35428
2097	72130	35426
2098	72157	35420
2099	72170	35418
2100	72221	35405
2101	72234	35403
2102	72328	35362
2103	72341	35360
2104	72426	35321
2105	72439	35319
2106	72466	35313
2107	72479	35311
2108	72501	35297
2109	72514	35295
2110	72536	35192
2111	72549	35190
2112	72576	35184
2113	72589	35182
2114	72832	35174
2115	72845	35172
2116	72871	35128
2117	72884	35126
2118	72911	35120
2119	72924	35118
2120	72975	35105
2121	72988	35103
2122	73040	35004
2123	73053	35002
2124	73080	34996
2125	73093	34994
2126	73164	34986
2127	73177	34984
2128	73204	34978
2129	73217	34976
2130	73290	34892
2131	73303	34890
2132	73330	34884
2133	73343	34882
2134	73370	34832
2135	73383	34830
2136	73410	34824
2137	73423	34822
2138	73668	34798
2139	73681	34796
2140	73708	34790
2141	73721	34788
2142	73826	34787
2143	73839	34749
2144	73852	34747
2145	73874	34644
2146	73887	34642
2147	73914	34636
2148	73927	34634
2149	73998	34626
2150	74011	34624
2151	74038	34618
2152	74051	34616
2153	74124	34532
2154	74137	34530
2155	74164	34524
2156	74177	34522
2157	74356	34491
2158	74369	34489
2159	74396	34483
2160	74409	34481
2161	74502	34438
2162	74515	34436
2163	74542	34430
2164	74555	34428
2165	74638	34393
2166	74651	34391
2167	74678	34385
2168	74691	34383
2169	74752	34326
2170	74765	34324
2171	74792	34318
2172	74805	34316
2173	74888	34281
2174	74901	34279
2175	74928	34273
2176	74941	34271
2177	75155	34236
2178	75168	34234
2179	75190	34131
2180	75203	34129
2181	75230	34123
2182	75243	34121
2183	75516	34075
2184	75529	34073
2185	75556	34067
2186	75569	34065
2187	75655	34037
2188	75668	34035
2189	75695	34029
2190	75708	34027
2191	75769	33989
2192	75782	33987
2193	75809	33981
2194	75818	33925
2195	75831	33923
2196	75858	33917
2197	75871	33915
2198	75954	33880
2199	75967	33878
2200	75994	33872
2201	76007	33870
2202	76039	33841
2203	76052	33839
2204	76079	33833
2205	76092	33831
2206	76296	33829
2207	76323	33823
2208	76336	33821
2209	76397	33783
2210	76410	33781
2211	76437	33775
2212	76450	33773
2213	76521	33771
2214	76533	33738
2215	76546	33736
2216	76573	33730
2217	76582	33674
2218	76595	33672
2219	76622	33666
2220	76635	33664
2221	76667	33635
2222	76680	33633
2223	76707	33627
2224	76720	33625
2225	76803	33590
2226	76816	33588
2227	76843	33582
2228	76856	33580
2229	76888	33578
2230	77087	33572
2231	77100	33570
2232	77148	33560
2233	77161	33532
2234	77174	33530
2235	77199	33488
2236	77239	33480
2237	77353	33478
2238	77368	33457
2239	77381	33455
2240	77408	33449
2241	77421	33447
2242	77431	33384
2243	77444	33382
2244	77471	33376
2245	77484	33374
2246	77516	33372
2247	77599	33337
2248	77612	33335
2249	77639	33329
2250	77652	33327
2251	77684	33298
2252	77697	33296
2253	77724	33290
2254	77737	33288
2255	77827	33282
2256	77867	33274
2257	77963	33237
2258	78003	33229
2259	78048	33198
2260	78088	33190
2261	78202	33188
2262	78214	33159
2263	78227	33131
2264	78240	33129
2265	78267	33123
2266	78280	33121
2267	78312	33092
2268	78325	33090
2269	78352	33084
2270	78365	33082
2271	78448	33047
2272	78461	33045
2273	78488	33039
2274	78501	33037
2275	78591	33031
2276	78631	33023
2277	78676	32992
2278	78716	32984
2279	78812	32947
2280	78852	32939
2281	78966	32937
2282	78978	32908
2283	78991	32906
2284	79018	32900
2285	79031	32898
2286	79063	32869
2287	79076	32841
2288	79089	32839
2289	79116	32833
2290	79129	32831
2291	79281	32816
2292	79294	32814
2293	79321	32808
2294	79334	32806
2295	79366	32777
2296	79379	32775
2297	79406	32769
2298	79419	32767
2299	79440	32741
2300	79480	32733
2301	79594	32731
2302	79599	32716
2303	79606	32702
2304	79619	32700
2305	79646	32694
2306	79659	32692
2307	79684	32677
2308	79691	32663
2309	79704	32661
2310	79731	32655
2311	79744	32653
2312	79827	32618
2313	79840	32616
2314	79867	32610
2315	79880	32608
2316	79949	32602
2317	79962	32600
2318	79987	32585
2319	79994	32571
2320	80007	32569
2321	80034	32563
2322	80047	32561
2323	80091	32542
2324	80104	32540
2325	80130	32526
2326	80143	32524
2327	80170	32518
2328	80183	32516
2329	80227	32497
2330	80240	32495
2331	80267	32489
2332	80280	32487
2333	80312	32471
2334	80325	32469
2335	80352	32463
2336	80365	32461
2337	80371	32458
2338	80393	32454
2339	80448	32426
2340	80455	32412
2341	80468	32410
2342	80495	32404
2343	80508	32402
2344	80529	32347
2345	80542	32345
2346	80569	32339
2347	80582	32337
2348	80751	32334
2349	80758	32320
2350	80771	32318
2351	80798	32312
2352	80811	32310
2353	80855	32291
2354	80868	32289
2355	80895	32283
2356	80908	32281
2357	80990	32267
2358	80994	32253
2359	80999	32252
2360	81007	32251
2361	81021	32248
2362	81034	32245
2363	81047	32243
2364	81076	32220
2365	81089	32218
2366	81106	32209
2367	81135	32207
2368	81157	32141
2369	81170	32139
2370	81197	32133
2371	81210	32131
2372	81293	32096
2373	81306	32094
2374	81333	32088
2375	81346	32086
2376	81378	32057
2377	81391	32055
2378	81418	32049
2379	81431	32047
2380	81635	32045
2381	81662	32039
2382	81675	32037
2383	81715	32032
2384	81728	32030
2385	81755	32024
2386	81758	32002
2387	81763	32001
2388	81771	32000
2389	81798	31994
2390	81811	31992
2391	81847	31989
2392	81860	31987
2393	81870	31958
2394	81889	31949
2395	81902	31947
2396	81921	31890
2397	81934	31888
2398	81961	31882
2399	81974	31880
2400	82006	31851
2401	82019	31849
2402	82046	31843
2403	82059	31841
2404	82142	31806
2405	82155	31804
2406	82182	31798
2407	82195	31796
2408	82278	31790
2409	82291	31788
2410	82439	31786
2411	82522	31780
2412	82535	31778
2413	82571	31746
2414	82584	31744
2415	82611	31738
2416	82624	31736
2417	82653	31698
2418	82666	31696
2419	82693	31690
2420	82706	31688
2421	82738	31659
2422	82751	31657
2423	82770	31600
2424	82783	31598
2425	82810	31592
2426	82823	31590
2427	82906	31584
2428	82919	31582
2429	83002	31547
2430	83015	31545
2431	83042	31539
2432	83055	31537
2433	83259	31535
2434	83286	31529
2435	83299	31527
2436	83356	31520
2437	83369	31518
2438	83388	31515
2439	83396	31512
2440	83409	31510
2441	83420	31456
2442	83433	31454
2443	83460	31448
2444	83473	31446
2445	83502	31408
2446	83515	31406
2447	83542	31400
2448	83555	31398
2449	83630	31341
2450	83643	31339
2451	83670	31333
2452	83683	31331
2453	84131	31329
2454	84140	31319
2455	84152	31264
2456	84165	31262
2457	84192	31256
2458	84205	31230
2459	84218	31228
2460	84245	31222
2461	84258	31220
2462	84280	31197
2463	84293	31195
2464	84320	31189
2465	84333	31187
2466	84364	31182
2467	84377	31180
2468	84394	31176
2469	84404	31174
2470	84417	31172
2471	84434	31168
2472	84447	31166
2473	84556	31146
2474	84569	31144
2475	84596	31138
2476	84609	31136
2477	84855	31086
2478	84868	31084
2479	84895	31078
2480	84908	31076
2481	84939	31071
2482	84952	31069
2483	84969	31065
2484	84979	31063
2485	84992	31061
2486	85009	31057
2487	85014	31038
2488	85027	31036
2489	85044	31032
2490	85054	31030
2491	85067	31028
2492	85084	31024
2493	85097	31022
2494	85206	31002
2495	85217	31001
2496	85219	31000
2497	85230	30999
2498	85246	30994
2499	85257	30993
2500	85259	30992
2501	85270	30991
2502	85408	30979
2503	85421	30977
2504	85448	30971
2505	85461	30969
2506	85589	30927
2507	85602	30925
2508	85619	30921
2509	85629	30919
2510	85642	30917
2511	85659	30913
2512	85672	30911
2513	85756	30906
2514	85769	30904
2515	85781	30891
2516	85794	30889
2517	85821	30883
2518	85834	30881
2519	85867	30857
2520	85880	30855
2521	85907	30849
2522	85920	30847
2523	85951	30842
2524	85964	30840
2525	85981	30836
2526	85991	30834
2527	86004	30832
2528	86021	30828
2529	86034	30826
2530	86111	30825
2531	86142	30820
2532	86143	30806
2533	86156	30804
2534	86183	30798
2535	86196	30796
2536	86331	30795
2537	86334	30784
2538	86347	30782
2539	86374	30776
2540	86387	30774
2541	86406	30762
2542	86419	30760
2543	86436	30756
2544	86446	30754
2545	86459	30752
2546	86476	30748
2547	86489	30746
2548	86559	30730
2549	86579	30728
2550	86592	30726
2551	86601	30698
2552	86614	30696
2553	86631	30692
2554	86641	30690
2555	86654	30688
2556	86671	30684
2557	86684	30682
2558	86704	30681
2559	86717	30679
2560	86792	30676
2561	86793	30662
2562	86800	30644
2563	86813	30642
2564	86840	30636
2565	86853	30634
2566	86936	30628
2567	86941	30617
2568	86954	30615
2569	86981	30609
2570	86994	30607
2571	87077	30601
2572	87090	30599
2573	87173	30564
2574	87186	30562
2575	87213	30556
2576	87226	30554
2577	87263	30551
2578	87303	30543
2579	87311	30536
2580	87324	30534
2581	87351	30528
2582	87364	30526
2583	87396	30497
2584	87409	30495
2585	87428	30438
2586	87441	30436
2587	87468	30430
2588	87481	30428
2589	87564	30422
2590	87577	30420
2591	87660	30385
2592	87673	30383
2593	87700	30377
2594	87713	30375
2595	87801	30358
2596	87814	30356
2597	87841	30350
2598	87854	30348
2599	88078	30294
2600	88091	30292
2601	88118	30286
2602	88131	30284
2603	88160	30246
2604	88173	30244
2605	88200	30238
2606	88213	30236
2607	88288	30179
2608	88301	30177
2609	88328	30171
2610	88341	30169
2611	88789	30167
2612	88798	30157
2613	88810	30102
2614	88823	30100
2615	88850	30094
2616	88863	30068
2617	88876	30066
2618	88903	30060
2619	88916	30058
2620	88938	30035
2621	88951	30033
2622	88978	30027
2623	88991	30025
2624	89022	30020
2625	89035	30018
2626	89052	30014
2627	89062	30012
2628	89075	30010
2629	89092	30006
2630	89105	30004
2631	89482	29999
2632	89495	29997
2633	89513	29924
2634	89526	29922
2635	89553	29916
2636	89566	29914
2637	89597	29909
2638	89610	29907
2639	89627	29903
2640	89637	29901
2641	89650	29899
2642	89667	29895
2643	89672	29876
2644	89685	29874
2645	89702	29870
2646	89712	29868
2647	89725	29866
2648	89742	29862
2649	89755	29860
2650	89875	29839
2651	89888	29837
2652	89915	29831
2653	89928	29829
2654	90066	29817
2655	90079	29815
2656	90106	29809
2657	90119	29807
2658	90247	29765
2659	90260	29763
2660	90277	29759
2661	90287	29757
2662	90300	29755
2663	90317	29751
2664	90330	29749
2665	90414	29744
2666	90427	29742
2667	90444	29738
2668	90454	29736
2669	90467	29734
2670	90484	29730
2671	90497	29728
2672	90525	29695
2673	90538	29693
2674	90565	29687
2675	90578	29685
2676	90609	29680
2677	90622	29678
2678	90639	29674
2679	90649	29672
2680	90662	29670
2681	90679	29666
2682	90692	29664
2683	90769	29663
2684	90800	29658
2685	90813	29656
2686	90830	29652
2687	90840	29650
2688	90853	29648
2689	90870	29644
2690	90883	29642
2691	90945	29640
2692	90958	29638
2693	90989	29633
2694	91002	29631
2695	91019	29627
2696	91029	29625
2697	91042	29623
2698	91059	29619
2699	91064	29600
2700	91077	29598
2701	91094	29594
2702	91104	29592
2703	91117	29590
2704	91134	29586
2705	91147	29584
2706	91217	29568
2707	91259	29536
2708	91272	29534
2709	91289	29530
2710	91299	29528
2711	91312	29526
2712	91329	29522
2713	91342	29520
2714	91450	29514
2715	91463	29512
2716	91480	29508
2717	91490	29506
2718	91503	29504
2719	91520	29500
2720	91533	29498
2721	91639	29489
2722	91652	29487
2723	91669	29483
2724	91679	29481
2725	91692	29479
2726	91709	29475
2727	91722	29473
2728	91760	29467
2729	91844	29452
2730	91867	29424
2731	91917	29419
2732	91921	29389
2733	91961	29381
2734	92205	29380
2735	92222	29376
2736	92226	29374
2737	92239	29372
2738	92262	29368
2739	92266	29366
2740	92279	29364
2741	92417	29352
2742	92430	29350
2743	92445	29345
2744	92457	29344
2745	92470	29342
2746	92475	29339
2747	92485	29337
2748	92488	29314
2749	92494	29308
2750	92524	29302
2751	92571	29245
2752	92611	29237
2753	92655	29230
2754	92685	29224
2755	92695	29222
2756	92725	29216
2757	93063	29203
2758	93076	29201
2759	93103	29195
2760	93116	29193
2761	93138	29170
2762	93151	29168
2763	93178	29162
2764	93191	29160
2765	93305	29086
2766	93335	29080
2767	93345	29078
2768	93375	29072
2769	93551	29054
2770	93564	29052
2771	93591	29046
2772	93604	29044
2773	93880	29038
2774	93893	29036
2775	93920	29030
2776	93933	29028
2777	93947	29023
2778	93977	29017
2779	93987	29015
2780	94017	29009
2781	94022	29008
2782	94026	28988
2783	94066	28980
2784	94073	28977
2785	94075	28974
2786	94088	28972
2787	94113	28969
2788	94115	28966
2789	94126	28943
2790	94139	28941
2791	94166	28935
2792	94179	28933
2793	94201	28910
2794	94214	28908
2795	94241	28902
2796	94254	28900
2797	94435	28892
2798	94448	28890
2799	94475	28884
2800	94488	28882
2801	94725	28830
2802	94738	28828
2803	94765	28822
2804	94776	28799
2805	94789	28797
2806	94816	28791
2807	94829	28789
2808	94922	28780
2809	94943	28778
2810	94956	28776
2811	94962	28772
2812	94983	28770
2813	94996	28768
2814	95085	28748
2815	95098	28746
2816	95125	28740
2817	95138	28714
2818	95151	28712
2819	95178	28706
2820	95191	28704
2821	95329	28692
2822	95342	28690
2823	95369	28684
2824	95382	28682
2825	95496	28672
2826	95518	28667
2827	95531	28665
2828	95536	28664
2829	95558	28659
2830	95571	28657
2831	95593	28634
2832	95606	28632
2833	95633	28626
2834	95646	28624
2835	95788	28570
2836	95801	28568
2837	95828	28562
2838	95841	28560
2839	95979	28548
2840	95992	28546
2841	96019	28540
2842	96032	28538
2843	96121	28524
2844	96161	28516
2845	96208	28515
2846	96221	28513
2847	96373	28486
2848	96477	28472
2849	96480	28443
2850	96530	28438
2851	96543	28436
2852	96570	28430
2853	96583	28428
2854	96714	28427
2855	96721	28416
2856	96734	28414
2857	96761	28408
2858	96771	28380
2859	96811	28372
2860	97014	28371
2861	97023	28342
2862	97130	28299
2863	97180	28294
2864	97184	28264
2865	97224	28256
2866	97521	28245
2867	97694	28242
2868	97697	28237
2869	97734	28234
2870	97751	28202
2871	97826	28201
2872	97834	28120
2873	97874	28112
2874	98344	28098
2875	98384	28090
2876	98472	28077
2877	98476	28057
2878	98516	28049
2879	98720	27985
2880	98760	27977
2881	98913	27969
2882	99135	27964
2883	99143	27926
2884	99237	27919
2885	99397	27852
2886	99799	27834
2887	99907	27830
2888	100021	27829
2889	100029	27791
2890	100039	27789
2891	100123	27784
2892	100283	27717
2893	100776	27710
2894	100898	27665
2895	101245	27609
2896	101433	27598
2897	101559	27595
2898	101662	27575
2899	101860	27557
2900	102016	27550
2901	102057	27548
2902	102065	27537
2903	102075	27535
2904	102159	27530
2905	102210	27529
2906	102250	27521
2907	102261	27484
2908	102301	27476
2909	102319	27463
2910	102445	27460
2911	102612	27457
2912	102684	27425
2913	102778	27418
2914	102829	27417
2915	102869	27409
2916	102887	27396
2917	102938	27351
2918	103249	27332
2919	103448	27329
2920	103539	27290
2921	103580	27288
2922	103664	27283
2923	103715	27282
2924	103755	27274
2925	103773	27261
2926	103824	27216
2927	104039	27196
2928	104261	27191
2929	104269	27153
2930	104279	27151
2931	104363	27146
2932	104463	27142
2933	104523	27079
2934	105075	27044
2935	105115	27036
2936	105273	27030
2937	105278	27014
2938	105349	27007
2939	105485	26971
2940	105701	26960
2941	105732	26956
2942	105826	26949
2943	105902	26937
2944	105928	26903
2945	105968	26895
2946	105986	26882
2947	106384	26850
2948	106478	26843
2949	106500	26842
2950	106559	26825
2951	106618	26821
2952	106628	26819
2953	106638	26776
2954	106814	26768
2955	106854	26760
2956	106872	26747
2957	107237	26709
2958	107331	26702
2959	107487	26695
2960	107491	26635
2961	107893	26617
2962	108001	26613
2963	108064	26578
2964	108123	26574
2965	108133	26572
2966	108217	26567
2967	108375	26559
2968	108377	26500
2969	108854	26492
2970	108952	26480
2971	108992	26448
2972	109265	26402
2973	109409	26395
2974	109518	26376
2975	109756	26358
2976	109880	26350
2977	109941	26322
2978	110226	26321
2979	110285	26317
2980	110295	26315
2981	110297	26297
2982	110372	26279
2983	110406	26278
2984	110496	26276
2985	110508	26266
2986	110539	26243
2987	110628	26226
2988	110740	26204
2989	110858	26183
2990	110868	26181
2991	110952	26176
2992	111112	26109
2993	111510	26077
2994	111520	26075
2995	111604	26070
2996	111764	26003
2997	112133	25979
2998	112355	25974
2999	112363	25936
3000	112373	25934
3001	112457	25929
3002	112617	25862
3003	113094	25854
3004	113251	25838
3005	113261	25836
3006	113345	25831
3007	113376	25813
3008	113505	25764
3009	113852	25756
3010	113926	25746
3011	113996	25720
3012	114264	25715
3013	114473	25712
3014	114525	25679
3015	114535	25677
3016	114619	25672
3017	114674	25663
3018	114740	25658
3019	114779	25605
3020	115256	25597
3021	115413	25581
3022	115423	25579
3023	115507	25574
3024	115538	25556
3025	115597	25525
3026	115667	25507
3027	115966	25501
3028	116069	25467
3029	116158	25463
3030	116196	25458
3031	116206	25456
3032	116290	25451
3033	116450	25384
3034	116927	25376
3035	116957	25369
3036	117046	25365
3037	117209	25335
3038	117575	25316
3039	117585	25314
3040	117669	25309
3041	117685	25278
3042	117759	25268
3043	117829	25242
3044	118306	25234
3045	118358	25201
3046	118368	25199
3047	118452	25194
3048	118588	25193
3049	118612	25127
3050	119089	25119
3051	119371	25078
3052	119648	25063
3053	119658	25061
3054	119737	25059
3055	119742	25056
3056	119831	25052
3057	119902	24989
3058	119991	24985
3059	120379	24981
3060	120468	24977
3061	120661	24940
3062	120750	24936
3063	121138	24932
3064	121227	24928
3065	121256	24902
3066	121334	24899
3067	121341	24873
3068	121430	24869
3069	121888	24868
3070	122015	24853
3071	122093	24850
3072	122100	24824
3073	122189	24820
3074	122522	24802
3075	122546	24764
3076	122635	24760
3077	122912	24743
3078	123001	24739
3079	123178	24730
3080	123194	24706
3081	123429	24687
3082	123518	24683
3083	123901	24660
3084	123953	24657
3085	124177	24648
3086	124188	24638
3087	124277	24634
3088	124413	24631
3089	124430	24619
3090	124440	24617
3091	124484	24568
3092	124573	24564
3093	124684	24545
3094	125161	24537
3095	125228	24509
3096	125443	24496
3097	125720	24481
3098	125730	24479
3099	125809	24477
3100	125814	24474
3101	125898	24470
3102	125923	24452
3103	125974	24407
3104	126063	24403
3105	126451	24399
3106	126518	24371
3107	126607	24367
3108	126733	24358
3109	126822	24354
3110	127210	24350
3111	127277	24322
3112	127366	24318
3113	127413	24291
3114	127502	24287
3115	127960	24286
3116	128157	24268
3117	128172	24242
3118	128261	24238
3119	128932	24222
3120	129006	24220
3121	129021	24218
3122	129052	24188
3123	129141	24184
3124	129250	24148
3125	129339	24144
3126	129727	24140
3127	129794	24112
3128	129883	24108
3129	130445	24104
3130	130534	24100
3131	130599	24098
3132	130688	24094
3133	130689	24032
3134	130778	24028
3135	131569	24014
3136	131658	24010
3137	132049	23994
3138	132138	23990
3139	132464	23934
3140	132553	23930
3141	133179	23929
3142	133230	23884
3143	133319	23880
3144	133488	23878
3145	133577	23874
3146	133774	23848
3147	133863	23844
3148	133989	23835
3149	134078	23831
3150	134247	23829
3151	134336	23825
3152	134533	23799
3153	134622	23795
3154	134669	23768
3155	134758	23764
3156	135216	23763
3157	135325	23735
3158	135414	23731
3159	135428	23719
3160	135517	23715
3161	135869	23699
3162	135958	23695
3163	136308	23665
3164	136397	23661
3165	136506	23625
3166	136595	23621
3167	136764	23619
3168	136853	23615
3169	137050	23589
3170	137139	23585
3171	137701	23581
3172	137790	23577
3173	137829	23573
3174	137887	23558
3175	137945	23509
3176	138034	23505
3177	138825	23491
3178	138904	23474
3179	138993	23470
3180	139526	23455
3181	139615	23451
3182	139720	23411
3183	139809	23407
3184	140071	23405
3185	140454	23404
3186	140536	23403
3187	140543	23400
3188	140618	23378
3189	140679	23376
3190	140707	23374
3191	140768	23372
3192	140859	23367
3193	140948	23363
3194	141136	23359
3195	141163	23299
3196	141252	23295
3197	141635	23294
3198	141724	23290
3199	142057	23285
3200	142146	23281
3201	142257	23275
3202	142346	23271
3203	142590	23264
3204	142604	23257
3205	142713	23229
3206	142802	23225
3207	142938	23201
3208	143027	23197
3209	143410	23196
3210	143481	23193
3211	143499	23192
3212	143662	23189
3213	143778	23183
3214	143867	23179
3215	143894	23119
3216	143983	23115
3217	144316	23110
3218	144405	23106
3219	144996	23104
3220	144998	23089
3221	145225	23081
3222	145410	23080
3223	145669	23021
3224	145758	23017
3225	146091	23012
3226	146179	22979
3227	146406	22971
3228	147094	22964
3229	147419	22960
3230	147606	22944
3231	147833	22936
3232	148196	22935
3233	148215	22930
3234	148284	22902
3235	148511	22894
3236	149083	22889
3237	149199	22887
3238	149226	22885
3239	149310	22881
3240	149453	22877
3241	149930	22874
3242	150157	22866
3243	150320	22853
3244	150325	22826
3245	150414	22822
3246	150747	22817
3247	150835	22784
3248	151062	22776
3249	151750	22769
3250	152075	22765
3251	152186	22763
3252	152387	22729
3253	152476	22725
3254	152809	22720
3255	152897	22687
3256	153124	22679
3257	153812	22672
3258	154137	22668
3259	154825	22661
3260	154933	22638
3261	155160	22630
3262	155486	22627
3263	155498	22616
3264	155625	22610
3265	155725	22608
3266	155801	22597
3267	155944	22593
3268	156028	22589
3269	156171	22585
3270	156957	22582
3271	157041	22578
3272	157106	22562
3273	157333	22554
3274	157837	22548
3275	157980	22544
3276	158064	22540
3277	158207	22536
3278	158320	22512
3279	158742	22503
3280	159019	22498
3281	159146	22492
3282	159246	22490
3283	159373	22484
3284	159465	22475
3285	159692	22467
3286	160478	22464
3287	160701	22463
3288	160705	22456
3289	160909	22452
3290	161055	22449
3291	161147	22440
3292	161374	22432
3293	161501	22426
3294	161728	22418
3295	162139	22412
3296	162458	22395
3297	163163	22391
3298	163410	22383
3299	163821	22377
3300	164048	22369
3301	164140	22360
3302	164494	22346
3303	164671	22343
3304	165199	22342
3305	165507	22335
3306	165684	22332
3307	165857	22328
3308	165929	22319
3309	166176	22311
3310	166353	22308
3311	166707	22294
3312	167519	22293
3313	167611	22284
3314	167720	22283
3315	167943	22282
3316	167965	22270
3317	168142	22267
3318	168389	22259
3319	169155	22256
3320	169328	22252
3321	169402	22248
3322	169647	22235
3323	169824	22232
3324	170178	22218
3325	171191	22207
3326	171414	22206
3327	171541	22200
3328	171860	22183
3329	172873	22172
3330	175104	22169
3331	175423	22152
3332	176436	22141
