1	22141	167801
2	22152	167188
3	22158	167100
4	22169	166487
5	22179	162095
6	22190	161482
7	22196	161394
8	22207	160781
9	22223	160759
10	22227	160620
11	22231	160212
12	22242	159599
13	22248	159511
14	22259	158898
15	22277	158458
16	22291	158280
17	22297	158169
18	22303	158081
19	22314	157468
20	22318	157188
21	22326	157098
22	22329	156575
23	22343	156397
24	22347	156157
25	22361	155957
26	22370	155616
27	22376	155528
28	22384	155145
29	22387	154915
30	22388	154887
31	22399	154274
32	22413	154074
33	22422	153862
34	22431	153656
35	22443	153457
36	22446	153205
37	22454	152844
38	22457	152592
39	22471	152414
40	22472	152386
41	22475	152174
42	22483	151773
43	22498	151762
44	22506	151361
45	22513	151218
46	22516	150904
47	22527	150291
48	22541	150091
49	22550	149879
50	22559	149673
51	22575	149651
52	22582	149261
53	22593	149168
54	22597	148717
55	22600	148403
56	22611	147790
57	22634	147378
58	22665	147336
59	22669	147194
60	22680	147136
61	22692	146782
62	22698	145758
63	22721	145346
64	22752	145304
65	22756	145162
66	22778	145045
67	22779	144750
68	22801	144633
69	22805	144246
70	22828	143834
71	22851	143157
72	22862	142544
73	22885	142132
74	22915	141802
75	22943	141536
76	22949	140512
77	22972	140100
78	23003	140058
79	23007	139916
80	23030	139504
81	23056	139000
82	23079	138588
83	23110	138546
84	23113	138297
85	23127	138276
86	23137	137992
87	23143	136968
88	23166	136556
89	23197	136514
90	23201	136372
91	23224	135960
92	23253	135610
93	23284	135165
94	23307	134753
95	23321	134732
96	23338	134711
97	23342	134569
98	23356	134567
99	23365	134157
100	23394	133807
101	23406	133425
102	23429	133013
103	23460	132971
104	23483	132913
105	23500	132867
106	23502	132807
107	23503	132797
108	23506	132501
109	23532	131962
110	23541	131601
111	23546	131582
112	23570	131210
113	23601	131168
114	23604	130986
115	23628	130655
116	23633	130636
117	23659	130613
118	23661	130550
119	23663	130490
120	23687	129779
121	23711	129554
122	23742	129378
123	23745	129183
124	23774	128833
125	23805	128791
126	23809	128039
127	23840	127997
128	23889	127618
129	23906	127411
130	23933	127410
131	23937	127369
132	23950	126236
133	23981	126194
134	24030	125815
135	24047	125608
136	24078	125566
137	24093	125564
138	24106	125483
139	24123	125166
140	24154	125124
141	24161	125085
142	24166	124935
143	24187	124720
144	24193	124537
145	24211	123651
146	24242	123609
147	24244	123546
148	24245	123192
149	24278	123087
150	24298	122705
151	24329	122655
152	24331	122600
153	24332	122246
154	24365	122141
155	24389	122120
156	24395	122077
157	24412	121825
158	24429	121618
159	24462	121513
160	24472	121343
161	24503	121293
162	24505	121176
163	24506	120884
164	24539	120779
165	24563	120758
166	24567	120680
167	24586	120463
168	24603	120256
169	24636	120151
170	24660	120130
171	24664	120052
172	24679	119814
173	24707	119777
174	24712	119709
175	24736	119688
176	24740	119610
177	24741	119318
178	24774	119213
179	24776	119186
180	24804	119149
181	24809	119081
182	24810	119017
183	24821	118897
184	24838	118690
185	24844	118558
186	24877	118453
187	24901	118432
188	24907	118389
189	24914	118248
190	24924	118137
191	24941	117930
192	24974	117825
193	24978	117802
194	24984	117655
195	25011	117620
196	25015	117605
197	25017	117488
198	25018	117196
199	25051	117091
200	25075	117070
201	25079	116992
202	25098	116775
203	25115	116568
204	25148	116463
205	25172	116442
206	25176	116364
207	25191	116126
208	25219	116089
209	25224	116021
210	25248	116000
211	25252	115922
212	25253	115630
213	25286	115525
214	25288	115498
215	25316	115461
216	25321	115393
217	25333	115209
218	25350	115002
219	25383	114897
220	25413	114848
221	25426	114560
222	25459	114455
223	25489	114391
224	25490	114114
225	25523	113932
226	25556	113827
227	25586	113778
228	25587	113486
229	25620	113381
230	25663	113044
231	25696	112939
232	25726	112875
233	25757	112833
234	25759	112770
235	25760	112416
236	25793	112311
237	25838	112283
238	25847	112275
239	25856	111990
240	25889	111885
241	25918	111862
242	25919	111836
243	25920	111544
244	25953	111439
245	25983	111424
246	25987	111387
247	26011	111271
248	26015	111234
249	26027	111223
250	26040	111039
251	26059	110933
252	26061	110764
253	26084	110759
254	26093	110474
255	26126	110369
256	26141	110343
257	26168	110176
258	26172	110139
259	26201	110071
260	26205	110034
261	26228	110023
262	26247	110000
263	26252	109999
264	26256	109949
265	26259	109758
266	26264	109707
267	26292	109653
268	26297	109602
269	26298	109248
270	26331	109143
271	26387	109048
272	26413	108854
273	26417	108817
274	26433	108797
275	26446	108749
276	26448	108649
277	26481	108544
278	26497	108422
279	26501	108234
280	26505	108197
281	26534	108129
282	26538	108092
283	26561	107982
284	26562	107980
285	26574	107949
286	26594	107877
287	26595	107875
288	26607	107844
289	26636	107783
290	26640	107746
291	26651	107592
292	26682	107550
293	26684	107487
294	26685	107133
295	26718	107028
296	26782	107011
297	26786	106974
298	26792	106960
299	26814	106723
300	26820	106682
301	26838	106681
302	26844	106658
303	26847	106618
304	26850	106505
305	26878	106423
306	26879	106281
307	26912	106176
308	26949	105865
309	26982	105760
310	27022	105713
311	27029	105682
312	27053	105491
313	27077	105457
314	27081	105409
315	27085	105372
316	27109	105261
317	27113	105239
318	27141	105157
319	27142	105015
320	27175	104910
321	27201	104608
322	27234	104503
323	27237	104390
324	27265	104308
325	27266	104166
326	27299	104061
327	27369	104052
328	27372	103939
329	27396	103915
330	27400	103857
331	27401	103715
332	27425	103691
333	27434	103610
334	27448	103551
335	27481	103446
336	27505	103293
337	27538	103188
338	27541	103075
339	27556	102977
340	27570	102851
341	27603	102746
342	27673	102737
343	27676	102624
344	27691	102526
345	27705	102400
346	27729	102376
347	27738	102295
348	27754	102239
349	27777	102230
350	27782	102157
351	27783	102015
352	27816	101910
353	27860	101662
354	27893	101557
355	27942	101540
356	27951	101459
357	27975	101435
358	27995	101211
359	28019	101187
360	28028	101106
361	28052	101082
362	28073	100826
363	28106	100721
364	28161	100700
365	28175	100574
366	28208	100375
367	28232	100351
368	28241	100270
369	28254	100263
370	28265	100246
371	28279	100190
372	28283	100153
373	28290	100045
374	28318	99963
375	28319	99821
376	28352	99716
377	28407	99670
378	28412	99657
379	28421	99633
380	28425	99594
381	28440	99565
382	28445	99552
383	28450	99471
384	28454	99370
385	28478	99346
386	28487	99265
387	28501	99206
388	28523	99114
389	28534	99101
390	28554	99072
391	28556	99009
392	28558	98948
393	28590	98888
394	28591	98843
395	28594	98730
396	28609	98632
397	28623	98506
398	28656	98401
399	28661	98320
400	28694	98215
401	28744	98181
402	28754	98156
403	28758	98055
404	28782	98031
405	28791	97950
406	28796	97869
407	28820	97845
408	28827	97799
409	28829	97764
410	28836	97670
411	28869	97565
412	28900	97447
413	28913	97317
414	28936	97229
415	28946	97212
416	28951	97131
417	28965	97005
418	28998	96900
419	29048	96866
420	29071	96778
421	29081	96761
422	29086	96680
423	29100	96554
424	29124	96530
425	29126	96481
426	29133	96449
427	29149	96393
428	29159	96376
429	29177	96311
430	29178	96169
431	29211	96064
432	29255	95816
433	29288	95711
434	29337	95694
435	29346	95613
436	29370	95589
437	29390	95365
438	29414	95341
439	29423	95260
440	29447	95236
441	29468	94980
442	29501	94875
443	29582	94785
444	29590	94770
445	29603	94529
446	29627	94505
447	29636	94424
448	29660	94400
449	29674	94344
450	29678	94307
451	29707	94239
452	29711	94202
453	29745	94076
454	29762	94054
455	29781	93975
456	29795	93949
457	29803	93934
458	29809	93893
459	29813	93856
460	29836	93829
461	29842	93788
462	29846	93751
463	29853	93682
464	29880	93581
465	29886	93577
466	29913	93476
467	29930	93329
468	29963	93224
469	30005	93172
470	30021	93126
471	30032	93071
472	30038	93067
473	30065	92878
474	30082	92819
475	30093	92745
476	30115	92714
477	30126	92640
478	30143	92493
479	30176	92388
480	30217	92368
481	30241	92344
482	30245	92235
483	30271	92191
484	30278	92042
485	30295	91983
486	30311	91937
487	30328	91878
488	30349	91857
489	30353	91820
490	30382	91752
491	30386	91715
492	30415	91694
493	30420	91589
494	30430	91532
495	30454	91508
496	30456	91488
497	30463	91427
498	30484	91406
499	30487	91403
500	30488	91369
501	30501	91347
502	30505	91310
503	30517	91301
504	30521	91264
505	30534	91242
506	30538	91205
507	30555	91138
508	30572	91079
509	30589	91057
510	30598	91035
511	30608	90978
512	30622	90952
513	30630	90916
514	30636	90896
515	30640	90859
516	30664	90835
517	30669	90791
518	30673	90754
519	30692	90727
520	30707	90628
521	30725	90622
522	30731	90604
523	30733	90584
524	30750	90525
525	30761	90502
526	30765	90465
527	30770	90398
528	30799	90384
529	30803	90293
530	30827	90276
531	30851	90252
532	30860	90171
533	30866	90153
534	30872	90015
535	30905	89910
536	30922	89763
537	30955	89658
538	31024	89505
539	31047	89494
540	31057	89312
541	31074	89253
542	31090	89207
543	31107	89148
544	31149	89111
545	31182	89043
546	31183	89030
547	31199	88859
548	31209	88802
549	31233	88778
550	31242	88697
551	31266	88673
552	31301	88601
553	31319	88507
554	31326	88506
555	31334	88408
556	31351	88349
557	31368	88327
558	31387	88319
559	31391	88282
560	31401	88222
561	31454	88056
562	31461	88055
563	31471	87997
564	31478	87996
565	31486	87898
566	31504	87892
567	31510	87874
568	31522	87868
569	31526	87831
570	31539	87809
571	31543	87772
572	31567	87721
573	31595	87639
574	31596	87603
575	31599	87602
576	31606	87546
577	31613	87545
578	31624	87492
579	31635	87483
580	31639	87441
581	31645	87423
582	31657	87387
583	31674	87358
584	31678	87321
585	31693	87319
586	31702	87270
587	31716	87249
588	31719	87211
589	31730	87188
590	31731	87152
591	31734	87151
592	31747	87129
593	31748	87093
594	31751	87092
595	31759	87041
596	31770	87032
597	31775	86965
598	31792	86936
599	31808	86860
600	31843	86836
601	31844	86817
602	31851	86798
603	31854	86760
604	31869	86758
605	31872	86735
606	31876	86698
607	31877	86582
608	31910	86477
609	31927	86330
610	31960	86225
611	32016	86180
612	32029	86072
613	32052	86061
614	32062	85879
615	32079	85820
616	32095	85774
617	32112	85715
618	32131	85704
619	32151	85692
620	32154	85678
621	32164	85599
622	32168	85545
623	32201	85440
624	32204	85426
625	32214	85369
626	32247	85264
627	32266	85253
628	32283	85194
629	32299	85148
630	32303	85094
631	32316	85089
632	32320	85035
633	32336	84989
634	32339	84975
635	32353	84930
636	32356	84916
637	32358	84867
638	32390	84862
639	32391	84762
640	32418	84743
641	32445	84641
642	32451	84638
643	32455	84584
644	32476	84564
645	32488	84479
646	32491	84465
647	32493	84416
648	32510	84357
649	32526	84311
650	32543	84252
651	32580	84190
652	32597	84131
653	32611	84113
654	32631	84077
655	32634	84063
656	32635	83963
657	32645	83906
658	32678	83801
659	32717	83779
660	32732	83680
661	32750	83672
662	32753	83660
663	32755	83611
664	32770	83512
665	32787	83453
666	32831	83380
667	32852	83328
668	32875	83278
669	32885	83223
670	32888	83209
671	32890	83160
672	32907	83101
673	32922	83002
674	32940	82996
675	32966	82929
676	32994	82875
677	33012	82867
678	33020	82808
679	33027	82768
680	33032	82707
681	33042	82650
682	33075	82545
683	33113	82525
684	33129	82424
685	33146	82420
686	33147	82416
687	33166	82369
688	33167	82256
689	33184	82197
690	33210	82130
691	33228	82124
692	33248	82074
693	33272	82022
694	33281	81969
695	33289	81963
696	33305	81930
697	33308	81916
698	33315	81896
699	33318	81859
700	33319	81746
701	33363	81673
702	33390	81621
703	33407	81584
704	33417	81552
705	33424	81512
706	33440	81479
707	33443	81465
708	33457	81420
709	33460	81406
710	33472	81325
711	33522	81324
712	33525	81170
713	33549	81131
714	33559	81074
715	33582	81068
716	33585	81054
717	33587	81005
718	33592	80969
719	33595	80955
720	33607	80874
721	33651	80873
722	33662	80805
723	33674	80779
724	33678	80749
725	33679	80746
726	33684	80680
727	33701	80621
728	33717	80617
729	33720	80603
730	33722	80554
731	33739	80495
732	33755	80449
733	33772	80390
734	33804	80352
735	33809	80328
736	33813	80298
737	33814	80295
738	33826	80269
739	33833	80256
740	33836	80170
741	33864	80101
742	33874	80044
743	33907	79939
744	33939	79901
745	33956	79842
746	33961	79818
747	33968	79805
748	33989	79749
749	33999	79650
750	34016	79591
751	34060	79518
752	34088	79509
753	34091	79391
754	34110	79352
755	34124	79298
756	34151	79140
757	34195	79067
758	34237	79031
759	34244	78970
760	34245	78901
761	34286	78882
762	34289	78828
763	34292	78814
764	34304	78719
765	34350	78704
766	34357	78679
767	34359	78642
768	34374	78620
769	34379	78519
770	34398	78480
771	34421	78431
772	34433	78395
773	34439	78268
774	34485	78253
775	34499	78226
776	34509	78169
777	34533	78029
778	34568	77944
779	34601	77839
780	34634	77775
781	34647	77770
782	34651	77716
783	34677	77649
784	34686	77630
785	34698	77629
786	34707	77621
787	34710	77491
788	34769	77418
789	34773	77381
790	34786	77265
791	34830	77192
792	34833	77178
793	34842	77170
794	34845	77040
795	34914	77038
796	34924	76914
797	34939	76844
798	34974	76758
799	35009	76694
800	35055	76679
801	35063	76628
802	35074	76393
803	35131	76330
804	35171	76265
805	35198	76177
806	35222	76163
807	35249	76137
808	35256	76056
809	35263	76011
810	35265	75957
811	35280	75917
812	35325	75904
813	35339	75844
814	35343	75807
815	35359	75771
816	35380	75767
817	35382	75730
818	35386	75693
819	35399	75684
820	35409	75635
821	35415	75466
822	35474	75408
823	35477	75394
824	35494	75340
825	35521	75321
826	35533	75312
827	35535	75309
828	35539	75272
829	35544	75184
830	35566	75119
831	35583	75060
832	35627	74987
833	35630	74973
834	35670	74858
835	35674	74821
836	35711	74777
837	35716	74746
838	35718	74609
839	35762	74536
840	35765	74522
841	35821	74440
842	35864	74356
843	35871	74188
844	35925	74123
845	35939	74114
846	35997	74107
847	35999	73905
848	36006	73737
849	36071	73677
850	36074	73663
851	36130	73581
852	36180	73329
853	36256	73319
854	36258	73261
855	36303	73219
856	36310	73211
857	36315	72878
858	36393	72810
859	36438	72768
860	36503	72708
861	36506	72694
862	36521	72675
863	36533	72622
864	36537	72585
865	36559	72537
866	36598	72416
867	36612	72360
868	36620	72331
869	36656	72224
870	36705	72152
871	36739	72130
872	36747	71909
873	36825	71841
874	36851	71832
875	36895	71759
876	36913	71722
877	36953	71569
878	36970	71457
879	37004	71411
880	37048	71271
881	37088	71231
882	37098	71227
883	37105	71059
884	37139	70960
885	37189	70946
886	37192	70932
887	37208	70890
888	37248	70850
889	37251	70806
890	37258	70638
891	37298	70598
892	37312	70573
893	37326	70564
894	37352	70533
895	37366	70524
896	37386	70355
897	37393	70187
898	37433	70147
899	37458	70127
900	37461	70113
901	37498	70087
902	37501	70073
903	37517	70031
904	37557	69991
905	37567	69779
906	37607	69739
907	37645	69711
908	37676	69690
909	37679	69671
910	37697	69661
911	37702	69328
912	37742	69288
913	37780	69260
914	37814	69220
915	37854	69180
916	37892	69152
917	37908	69125
918	37920	69072
919	37924	69035
920	37946	68987
921	37985	68831
922	38007	68781
923	38043	68674
924	38083	68634
925	38092	68602
926	38132	68562
927	38170	68534
928	38183	68406
929	38223	68366
930	38238	68282
931	38278	68242
932	38282	68209
933	38322	68169
934	38341	68113
935	38375	68105
936	38381	68073
937	38384	68064
938	38391	67861
939	38431	67821
940	38503	67753
941	38521	67743
942	38526	67410
943	38566	67370
944	38638	67302
945	38678	67262
946	38732	67207
947	38772	67167
948	38781	67135
949	38795	67126
950	38809	66913
951	38831	66863
952	38867	66756
953	38907	66716
954	38916	66684
955	38956	66644
956	39007	66488
957	39047	66448
958	39114	66366
959	39150	66259
960	39172	66209
961	39199	66187
962	39208	66146
963	39248	66106
964	39257	66030
965	39290	65991
966	39297	65990
967	39330	65986
968	39348	65834
969	39388	65794
970	39439	65788
971	39455	65712
972	39491	65649
973	39497	65631
974	39513	65599
975	39537	65591
976	39540	65533
977	39573	65529
978	39580	65528
979	39597	65464
980	39598	65420
981	39599	65381
982	39631	65337
983	39671	65332
984	39688	65323
985	39689	65224
986	39729	65184
987	39756	65028
988	39796	64988
989	39823	64872
990	39863	64832
991	39890	64812
992	39930	64772
993	39940	64727
994	39980	64687
995	40008	64677
996	40033	64517
997	40073	64477
998	40097	64374
999	40128	64325
1000	40164	64262
1001	40204	64222
1002	40213	64146
1003	40253	64106
1004	40304	63950
1005	40344	63910
1006	40374	63863
1007	40414	63823
1008	40423	63791
1009	40438	63764
1010	40453	63747
1011	40469	63715
1012	40493	63707
1013	40496	63684
1014	40509	63675
1015	40514	63595
1016	40554	63536
1017	40587	63488
1018	40621	63473
1019	40627	63448
1020	40645	63340
1021	40679	63316
1022	40685	63300
1023	40706	63294
1024	40719	63276
1025	40748	63248
1026	40752	63211
1027	40764	63137
1028	40797	63098
1029	40804	63097
1030	40855	62941
1031	40895	62901
1032	40896	62843
1033	40936	62803
1034	41001	62792
1035	41004	62738
1036	41014	62718
1037	41044	62698
1038	41047	62640
1039	41089	62594
1040	41093	62557
1041	41106	62488
1042	41138	62444
1043	41179	62381
1044	41218	62380
1045	41219	62341
1046	41237	62233
1047	41263	62135
1048	41303	62095
1049	41330	61979
1050	41370	61939
1051	41397	61919
1052	41437	61879
1053	41447	61834
1054	41487	61794
1055	41515	61784
1056	41540	61768
1057	41543	61764
1058	41545	61741
1059	41561	61704
1060	41585	61701
1061	41588	61689
1062	41601	61664
1063	41603	61639
1064	41604	61481
1065	41635	61432
1066	41675	61392
1067	41715	61354
1068	41720	61253
1069	41760	61213
1070	41811	61057
1071	41851	61017
1072	41955	60957
1073	41958	60897
1074	41960	60854
1075	42000	60814
1076	42021	60768
1077	42062	60747
1078	42084	60717
1079	42102	60633
1080	42142	60593
1081	42143	60585
1082	42183	60545
1083	42215	60471
1084	42244	60386
1085	42284	60346
1086	42324	60344
1087	42329	60319
1088	42338	60270
1089	42340	60222
1090	42380	60182
1091	42403	59950
1092	42443	59910
1093	42521	59825
1094	42561	59785
1095	42588	59755
1096	42628	59715
1097	42675	59694
1098	42689	59677
1099	42691	59529
1100	42731	59489
1101	42819	59421
1102	42847	59401
1103	42859	59381
1104	42882	59292
1105	42922	59252
1106	42996	59198
1107	43029	59183
1108	43036	59158
1109	43057	59128
1110	43058	59087
1111	43095	58981
1112	43125	58903
1113	43136	58898
1114	43162	58797
1115	43188	58774
1116	43199	58769
1117	43202	58757
1118	43225	58668
1119	43265	58628
1120	43269	58590
1121	43309	58550
1122	43332	58501
1123	43369	58473
1124	43372	58461
1125	43395	58372
1126	43435	58332
1127	43439	58294
1128	43479	58254
1129	43583	58214
1130	43665	58190
1131	43670	58155
1132	43705	58150
1133	43707	58127
1134	43710	58115
1135	43733	58026
1136	43773	57986
1137	43777	57948
1138	43817	57908
1139	43887	57887
1140	43890	57833
1141	43908	57827
1142	43930	57793
1143	43934	57755
1144	43952	57749
1145	43974	57715
1146	43990	57684
1147	44015	57660
1148	44027	57578
1149	44053	57555
1150	44067	57538
1151	44078	57531
1152	44090	57449
1153	44130	57409
1154	44183	57408
1155	44197	57282
1156	44237	57242
1157	44260	57153
1158	44300	57113
1159	44404	57073
1160	44466	57020
1161	44492	56997
1162	44506	56980
1163	44529	56891
1164	44569	56851
1165	44598	56807
1166	44636	56724
1167	44676	56684
1168	44699	56595
1169	44739	56555
1170	44843	56515
1171	44880	56441
1172	44885	56435
1173	44920	56401
1174	44925	56395
1175	44943	56312
1176	44983	56272
1177	45037	56249
1178	45077	56209
1179	45131	56185
1180	45149	56179
1181	45171	56145
1182	45189	56139
1183	45194	56056
1184	45212	56050
1185	45234	56016
1186	45252	56010
1187	45281	55966
1188	45311	55934
1189	45319	55883
1190	45359	55843
1191	45382	55754
1192	45422	55714
1193	45522	55680
1194	45526	55674
1195	45562	55640
1196	45569	55589
1197	45609	55549
1198	45657	55537
1199	45691	55523
1200	45697	55497
1201	45707	55485
1202	45720	55408
1203	45754	55394
1204	45760	55368
1205	45794	55354
1206	45814	55344
1207	45854	55304
1208	45877	55215
1209	45917	55175
1210	45945	55160
1211	45961	55122
1212	45985	55120
1213	45994	55093
1214	46001	55082
1215	46008	55031
1216	46048	54991
1217	46130	54965
1218	46146	54927
1219	46170	54925
1220	46186	54887
1221	46189	54877
1222	46193	54836
1223	46233	54796
1224	46252	54748
1225	46292	54708
1226	46346	54685
1227	46374	54682
1228	46379	54676
1229	46386	54645
1230	46390	54644
1231	46414	54642
1232	46419	54636
1233	46430	54604
1234	46437	54553
1235	46477	54513
1236	46503	54492
1237	46543	54452
1238	46581	54410
1239	46590	54402
1240	46621	54370
1241	46628	54319
1242	46644	54281
1243	46668	54279
1244	46684	54241
1245	46691	54190
1246	46731	54150
1247	46813	54124
1248	46829	54086
1249	46853	54084
1250	46869	54046
1251	46876	53995
1252	46916	53955
1253	46982	53935
1254	47006	53933
1255	47022	53895
1256	47029	53844
1257	47069	53804
1258	47123	53780
1259	47139	53742
1260	47163	53740
1261	47179	53702
1262	47186	53651
1263	47226	53611
1264	47308	53585
1265	47324	53547
1266	47348	53545
1267	47364	53507
1268	47371	53456
1269	47411	53416
1270	47477	53393
1271	47501	53391
1272	47517	53353
1273	47524	53302
1274	47564	53262
1275	47646	53236
1276	47662	53198
1277	47686	53196
1278	47702	53158
1279	47709	53107
1280	47749	53067
1281	47815	53047
1282	47839	53045
1283	47855	53007
1284	47862	52956
1285	47899	52952
1286	47902	52916
1287	47939	52912
1288	47946	52861
1289	47986	52821
1290	48041	52788
1291	48084	52757
1292	48108	52755
1293	48124	52717
1294	48131	52666
1295	48171	52626
1296	48226	52593
1297	48245	52545
1298	48284	52515
1299	48285	52505
1300	48324	52475
1301	48379	52442
1302	48383	52441
1303	48423	52401
1304	48430	52350
1305	48470	52310
1306	48536	52290
1307	48544	52282
1308	48561	52279
1309	48576	52250
1310	48583	52199
1311	48623	52159
1312	48637	52078
1313	48677	52038
1314	48684	51987
1315	48724	51947
1316	48822	51883
1317	48862	51843
1318	48869	51792
1319	48909	51752
1320	48975	51732
1321	49015	51692
1322	49022	51641
1323	49062	51601
1324	49191	51494
1325	49231	51454
1326	49300	51451
1327	49335	51414
1328	49376	51407
1329	49393	51377
1330	49405	51374
1331	49419	51350
1332	49438	51347
1333	49445	51296
1334	49452	51283
1335	49485	51256
1336	49492	51243
1337	49528	51239
1338	49529	51148
1339	49569	51108
1340	49637	51088
1341	49652	51024
1342	49692	50984
1343	49699	50933
1344	49739	50893
1345	49775	50889
1346	49796	50884
1347	49803	50833
1348	49837	50829
1349	49843	50793
1350	49877	50789
1351	49884	50738
1352	49924	50698
1353	49990	50678
1354	49999	50643
1355	50014	50579
1356	50054	50539
1357	50061	50488
1358	50101	50448
1359	50181	50447
1360	50199	50384
1361	50206	50371
1362	50239	50344
1363	50246	50293
1364	50253	50280
1365	50286	50253
1366	50293	50240
1367	50352	50233
1368	50391	50176
1369	50399	50142
1370	50431	50136
1371	50438	50085
1372	50453	50021
1373	50493	49981
1374	50500	49930
1375	50540	49890
1376	50638	49826
1377	50678	49786
1378	50685	49735
1379	50725	49695
1380	50791	49675
1381	50831	49635
1382	50838	49584
1383	50878	49544
1384	51054	49527
1385	51088	49517
1386	51094	49487
1387	51095	49466
1388	51135	49426
1389	51175	49378
1390	51212	49349
1391	51215	49338
1392	51239	49332
1393	51248	49315
1394	51279	49292
1395	51288	49275
1396	51313	49274
1397	51332	49249
1398	51352	49246
1399	51353	49234
1400	51360	49183
1401	51392	49181
1402	51400	49143
1403	51432	49141
1404	51445	49138
1405	51466	49123
1406	51485	49098
1407	51506	49083
1408	51513	49032
1409	51553	48992
1410	51644	48978
1411	51754	48973
1412	51761	48922
1413	51770	48914
1414	51801	48882
1415	51810	48874
1416	51842	48872
1417	51855	48869
1418	51868	48827
1419	51887	48797
1420	51908	48787
1421	51923	48763
1422	51952	48760
1423	51963	48723
1424	51992	48720
1425	52007	48697
1426	52027	48694
1427	52035	48689
1428	52053	48670
1429	52060	48619
1430	52100	48579
1431	52146	48557
1432	52160	48546
1433	52177	48528
1434	52209	48523
1435	52217	48488
1436	52246	48486
1437	52260	48360
1438	52300	48320
1439	52307	48269
1440	52347	48229
1441	52484	48211
1442	52515	48182
1443	52547	48177
1444	52555	48142
1445	52636	48126
1446	52656	48117
1447	52670	48091
1448	52706	48063
1449	52710	48051
1450	52717	48000
1451	52757	47960
1452	52814	47957
1453	52848	47937
1454	52854	47917
1455	52861	47866
1456	52901	47826
1457	52906	47804
1458	52946	47764
1459	52953	47713
1460	52993	47673
1461	53067	47672
1462	53107	47632
1463	53193	47583
1464	53233	47543
1465	53286	47534
1466	53293	47483
1467	53333	47443
1468	53346	47432
1469	53386	47392
1470	53423	47379
1471	53431	47344
1472	53463	47339
1473	53470	47288
1474	53478	47253
1475	53510	47248
1476	53518	47213
1477	53621	47212
1478	53624	47188
1479	53628	47161
1480	53631	47137
1481	53668	47121
1482	53671	47097
1483	53753	47076
1484	53839	47027
1485	53879	46987
1486	53888	46984
1487	53920	46979
1488	53928	46944
1489	53939	46927
1490	53979	46887
1491	53992	46876
1492	54032	46836
1493	54077	46823
1494	54105	46804
1495	54106	46792
1496	54117	46783
1497	54124	46732
1498	54153	46701
1499	54164	46692
1500	54193	46661
1501	54238	46656
1502	54270	46632
1503	54277	46581
1504	54317	46541
1505	54404	46527
1506	54428	46524
1507	54456	46502
1508	54464	46467
1509	54496	46462
1510	54504	46427
1511	54517	46416
1512	54549	46411
1513	54557	46376
1514	54602	46363
1515	54634	46358
1516	54641	46307
1517	54649	46272
1518	54681	46267
1519	54689	46232
1520	54755	46212
1521	54787	46207
1522	54794	46156
1523	54802	46121
1524	54834	46116
1525	54842	46081
1526	54945	46080
1527	54952	46029
1528	54992	45989
1529	55079	45975
1530	55099	45963
1531	55131	45950
1532	55139	45915
1533	55171	45910
1534	55179	45875
1535	55192	45864
1536	55212	45852
1537	55232	45824
1538	55252	45812
1539	55277	45811
1540	55309	45806
1541	55316	45755
1542	55324	45720
1543	55356	45715
1544	55364	45680
1545	55409	45675
1546	55430	45660
1547	55449	45635
1548	55469	45604
1549	55477	45569
1550	55509	45564
1551	55517	45529
1552	55697	45524
1553	55721	45519
1554	55726	45486
1555	55734	45451
1556	55766	45446
1557	55774	45411
1558	55819	45406
1559	55839	45378
1560	55859	45366
1561	55879	45335
1562	55887	45300
1563	55919	45295
1564	55927	45260
1565	56010	45251
1566	56029	45249
1567	56030	45239
1568	56037	45214
1569	56050	45211
1570	56069	45209
1571	56070	45199
1572	56076	45158
1573	56084	45123
1574	56116	45118
1575	56124	45083
1576	56222	45064
1577	56235	45038
1578	56262	45024
1579	56275	44998
1580	56407	44993
1581	56420	44982
1582	56439	44980
1583	56440	44970
1584	56441	44967
1585	56447	44945
1586	56460	44942
1587	56479	44940
1588	56480	44930
1589	56481	44927
1590	56486	44889
1591	56494	44854
1592	56526	44849
1593	56534	44814
1594	56592	44798
1595	56636	44786
1596	56645	44769
1597	56685	44729
1598	56697	44722
1599	56705	44687
1600	56737	44682
1601	56745	44647
1602	56777	44643
1603	56842	44592
1604	56882	44552
1605	56980	44533
1606	56998	44513
1607	57020	44493
1608	57038	44473
1609	57064	44463
1610	57084	44432
1611	57092	44397
1612	57124	44392
1613	57132	44357
1614	57199	44352
1615	57232	44340
1616	57242	44305
1617	57272	44300
1618	57282	44265
1619	57387	44248
1620	57416	44247
1621	57419	44243
1622	57421	44226
1623	57427	44208
1624	57429	44191
1625	57461	44186
1626	57463	44156
1627	57469	44151
1628	57482	44140
1629	57495	44119
1630	57503	44116
1631	57516	44109
1632	57522	44100
1633	57535	44079
1634	57556	44069
1635	57599	44051
1636	57607	44016
1637	57639	44011
1638	57647	43976
1639	57673	43961
1640	57705	43956
1641	57713	43921
1642	57739	43911
1643	57759	43880
1644	57767	43845
1645	57799	43840
1646	57807	43805
1647	57929	43796
1648	57969	43756
1649	58029	43754
1650	58037	43719
1651	58062	43696
1652	58094	43691
1653	58102	43656
1654	58131	43654
1655	58150	43640
1656	58162	43602
1657	58170	43567
1658	58202	43562
1659	58210	43527
1660	58274	43499
1661	58282	43464
1662	58314	43459
1663	58322	43424
1664	58439	43422
1665	58446	43371
1666	58454	43336
1667	58486	43331
1668	58494	43296
1669	58565	43274
1670	58656	43273
1671	58676	43242
1672	58684	43207
1673	58716	43202
1674	58724	43167
1675	58820	43165
1676	58832	43121
1677	58872	43081
1678	58910	43080
1679	58919	43074
1680	58928	43036
1681	58968	42996
1682	58985	42970
1683	59025	42930
1684	59080	42893
1685	59135	42877
1686	59205	42856
1687	59212	42805
1688	59252	42765
1689	59291	42761
1690	59323	42756
1691	59331	42721
1692	59389	42694
1693	59435	42661
1694	59474	42630
1695	59548	42618
1696	59558	42612
1697	59604	42606
1698	59616	42586
1699	59617	42533
1700	59666	42516
1701	59694	42511
1702	59698	42500
1703	59706	42476
1704	59734	42471
1705	59765	42461
1706	59770	42449
1707	59799	42425
1708	59810	42409
1709	59850	42397
1710	59853	42386
1711	59868	42358
1712	59893	42346
1713	59915	42267
1714	59989	42249
1715	60049	42230
1716	60058	42170
1717	60132	42152
1718	60162	42130
1719	60180	42115
1720	60211	42086
1721	60251	42046
1722	60291	42034
1723	60325	41998
1724	60399	41986
1725	60424	41985
1726	60434	41937
1727	60458	41931
1728	60468	41901
1729	60538	41897
1730	60542	41889
1731	60544	41879
1732	60553	41877
1733	60572	41861
1734	60590	41846
1735	60615	41810
1736	60624	41808
1737	60661	41777
1738	60692	41770
1739	60700	41746
1740	60720	41738
1741	60767	41711
1742	60814	41705
1743	60818	41701
1744	60820	41657
1745	60828	41622
1746	60902	41610
1747	60926	41581
1748	60972	41571
1749	61000	41569
1750	61023	41543
1751	61025	41541
1752	61034	41539
1753	61068	41521
1754	61070	41452
1755	61141	41383
1756	61213	41355
1757	61249	41354
1758	61257	41319
1759	61284	41286
1760	61335	41276
1761	61339	41245
1762	61343	41241
1763	61367	41218
1764	61379	41205
1765	61441	41200
1766	61480	41183
1767	61539	41182
1768	61551	41114
1769	61586	41091
1770	61623	41086
1771	61660	41079
1772	61694	41017
1773	61715	41012
1774	61737	40997
1775	61743	40969
1776	61777	40949
1777	61847	40929
1778	61872	40927
1779	61875	40923
1780	61887	40905
1781	61912	40887
1782	61946	40854
1783	62005	40828
1784	62015	40788
1785	62048	40786
1786	62076	40759
1787	62088	40746
1788	62101	40710
1789	62152	40697
1790	62221	40674
1791	62222	40633
1792	62269	40542
1793	62343	40530
1794	62412	40445
1795	62486	40433
1796	62494	40430
1797	62516	40405
1798	62522	40403
1799	62534	40390
1800	62565	40361
1801	62593	40334
1802	62605	40321
1803	62645	40309
1804	62719	40297
1805	62788	40212
1806	62862	40200
1807	62892	40172
1808	62898	40154
1809	62907	40152
1810	62932	40134
1811	62969	40085
1812	62978	40083
1813	63003	40065
1814	63046	40045
1815	63074	40013
1816	63121	39986
1817	63195	39974
1818	63196	39953
1819	63225	39946
1820	63270	39941
1821	63297	39931
1822	63301	39914
1823	63307	39912
1824	63375	39903
1825	63376	39859
1826	63377	39818
1827	63422	39812
1828	63424	39727
1829	63495	39658
1830	63567	39630
1831	63638	39561
1832	63712	39549
1833	63721	39493
1834	63795	39481
1835	63944	39458
1836	63949	39457
1837	63989	39417
1838	64020	39388
1839	64050	39351
1840	64060	39348
1841	64097	39260
1842	64171	39248
1843	64209	39236
1844	64229	39198
1845	64280	39167
1846	64300	39129
1847	64359	39103
1848	64422	39069
1849	64430	39034
1850	64504	39022
1851	64506	39002
1852	64644	38978
1853	64710	38957
1854	64716	38950
1855	64770	38940
1856	64779	38905
1857	64787	38881
1858	64829	38769
1859	64876	38678
1860	64947	38609
1861	65021	38597
1862	65170	38574
1863	65215	38543
1864	65302	38500
1865	65376	38488
1866	65385	38432
1867	65459	38420
1868	65489	38375
1869	65560	38306
1870	65614	38278
1871	65661	38187
1872	65732	38118
1873	65944	38106
1874	65964	38068
1875	66023	38042
1876	66025	37998
1877	66094	37973
1878	66096	37929
1879	66170	37917
1880	66222	37891
1881	66274	37884
1882	66296	37879
1883	66345	37815
1884	66435	37806
1885	66448	37758
1886	66493	37708
1887	66540	37617
1888	66611	37548
1889	66685	37536
1890	66737	37510
1891	66810	37507
1892	66811	37498
1893	66879	37482
1894	66881	37438
1895	67007	37400
1896	67222	37377
1897	67254	37338
1898	67278	37217
1899	67325	37126
1900	67396	37057
1901	67522	37019
1902	67829	37001
1903	67846	36981
1904	67900	36932
1905	67943	36921
1906	67983	36881
1907	68109	36843
1908	68135	36819
1909	68238	36815
1910	68261	36781
1911	68352	36749
1912	68363	36697
1913	68419	36686
1914	68434	36628
1915	68560	36590
1916	68709	36575
1917	68722	36570
1918	68748	36535
1919	68811	36529
1920	68819	36466
1921	68866	36465
1922	68918	36424
1923	68937	36396
1924	68989	36355
1925	69115	36317
1926	69132	36303
1927	69179	36212
1928	69305	36174
1929	69494	36084
1930	69620	36046
1931	69732	36016
1932	69798	35977
1933	69844	35966
1934	69869	35908
1935	69891	35875
1936	69995	35870
1937	70003	35849
1938	70017	35837
1939	70217	35783
1940	70343	35745
1941	70344	35730
1942	70422	35715
1943	70470	35692
1944	70532	35655
1945	70602	35621
1946	70642	35585
1947	70689	35494
1948	70815	35456
1949	70929	35446
1950	71035	35423
1951	71055	35408
1952	71078	35376
1953	71193	35369
1954	71204	35338
1955	71300	35311
1956	71314	35284
1957	71347	35220
1958	71432	35214
1959	71473	35182
1960	71484	35173
1961	71605	35154
1962	71610	35135
1963	71652	35063
1964	71778	35025
1965	71786	35004
1966	71916	35001
1967	71967	34935
1968	72093	34897
1969	72101	34876
1970	72205	34867
1971	72230	34833
1972	72282	34792
1973	72364	34726
1974	72490	34688
1975	72498	34667
1976	72588	34658
1977	72714	34620
1978	72839	34548
1979	72914	34542
1980	72940	34518
1981	72965	34510
1982	73029	34507
1983	73040	34504
1984	73066	34480
1985	73115	34436
1986	73162	34345
1987	73288	34307
1988	73296	34286
1989	73506	34283
1990	73572	34268
1991	73590	34258
1992	73632	34245
1993	73637	34167
1994	73763	34129
1995	73820	34071
1996	73946	34033
1997	73954	34012
1998	74170	34007
1999	74223	34004
2000	74248	33984
2001	74291	33961
2002	74295	33893
2003	74363	33841
2004	74493	33838
2005	74559	33833
2006	74593	33812
2007	74610	33801
2008	74678	33713
2009	74806	33701
2010	74807	33670
2011	74916	33645
2012	74933	33632
2013	74962	33628
2014	74968	33626
2015	75028	33595
2016	75075	33504
2017	75165	33495
2018	75291	33457
2019	75399	33456
2020	75459	33439
2021	75464	33427
2022	75465	33396
2023	75590	33389
2024	75591	33358
2025	75606	33344
2026	75662	33328
2027	75752	33314
2028	75757	33281
2029	75823	33221
2030	75826	33214
2031	75873	33123
2032	76165	33105
2033	76257	33058
2034	76320	33054
2035	76323	33047
2036	76451	33026
2037	76484	32940
2038	76531	32849
2039	76800	32841
2040	76913	32822
2041	76915	32784
2042	76981	32773
2043	77002	32739
2044	77017	32733
2045	77182	32719
2046	77223	32702
2047	77270	32611
2048	77458	32567
2049	77517	32479
2050	77621	32450
2051	77901	32414
2052	77964	32410
2053	77967	32403
2054	78005	32385
2055	78071	32374
2056	78128	32296
2057	78175	32205
2058	78444	32197
2059	78548	32168
2060	78559	32140
2061	78625	32129
2062	78646	32095
2063	78661	32089
2064	78750	32066
2065	78765	32060
2066	78867	32058
2067	78893	32057
2068	78914	31967
2069	79102	31923
2070	79226	31878
2071	79304	31821
2072	79319	31815
2073	79373	31810
2074	79466	31747
2075	79635	31690
2076	79725	31648
2077	79818	31585
2078	80058	31577
2079	80112	31572
2080	80153	31570
2081	80200	31479
2082	80293	31416
2083	80464	31410
2084	80557	31347
2085	80743	31340
2086	80745	31303
2087	80810	31299
2088	80854	31264
2089	80903	31236
2090	80947	31201
2091	81032	31178
2092	81192	31147
2093	81220	31134
2094	81329	31095
2095	81361	31090
2096	81422	31032
2097	81544	30985
2098	81781	30982
2099	81784	30977
2100	81806	30967
2101	81830	30954
2102	81874	30919
2103	81926	30879
2104	82019	30816
2105	82190	30810
2106	82283	30747
2107	82469	30740
2108	82490	30706
2109	82536	30699
2110	82579	30681
2111	82580	30664
2112	82629	30636
2113	82673	30601
2114	82758	30578
2115	82931	30519
2116	83055	30495
2117	83148	30432
2118	83313	30413
2119	83368	30398
2120	83406	30350
2121	83577	30344
2122	83665	30315
2123	83670	30281
2124	83758	30252
2125	83856	30250
2126	83877	30240
2127	83923	30233
2128	83967	30198
2129	84016	30170
2130	84060	30135
2131	84145	30112
2132	84442	30029
2133	84535	29966
2134	84755	29932
2135	84853	29930
2136	84974	29927
2137	85001	29901
2138	85002	29893
2139	85052	29849
2140	85145	29786
2141	85243	29784
2142	85364	29781
2143	85487	29774
2144	85611	29721
2145	85709	29719
2146	85740	29676
2147	85760	29675
2148	85846	29642
2149	85968	29620
2150	85984	29614
2151	85994	29600
2152	86005	29597
2153	86054	29586
2154	86087	29537
2155	86241	29534
2156	86296	29490
2157	86343	29482
2158	86389	29427
2159	86759	29419
2160	86776	29413
2161	86807	29380
2162	86855	29362
2163	86869	29350
2164	87035	29287
2165	87128	29224
2166	87394	29155
2167	87487	29092
2168	87860	29090
2169	87903	29029
2170	87953	29027
2171	88051	29021
2172	88111	28986
2173	88280	28981
2174	88291	28966
2175	88369	28964
2176	88373	28918
2177	88377	28917
2178	88384	28903
2179	88470	28854
2180	88752	28840
2181	88787	28821
2182	88790	28818
2183	88824	28803
2184	88845	28777
2185	89056	28749
2186	89111	28708
2187	89149	28686
2188	89204	28645
2189	89507	28638
2190	89539	28573
2191	89773	28569
2192	89828	28539
2193	89835	28528
2194	89866	28506
2195	89898	28441
2196	90187	28407
2197	90194	28396
2198	90314	28378
2199	90364	28376
2200	90504	28374
2201	90507	28371
2202	90522	28335
2203	90610	28333
2204	90660	28331
2205	90763	28317
2206	90773	28302
2207	90818	28290
2208	90837	28285
2209	90866	28239
2210	90881	28203
2211	91177	28158
2212	91347	28138
2213	91363	28095
2214	91539	28087
2215	91560	28035
2216	91818	28034
2217	91829	28030
2218	91849	28001
2219	91856	27990
2220	91918	27987
2221	91976	27972
2222	92120	27924
2223	92249	27921
2224	92260	27906
2225	92277	27855
2226	92543	27797
2227	92721	27780
2228	92839	27752
2229	92935	27739
2230	92987	27711
2231	93025	27689
2232	93080	27648
2233	93415	27576
2234	93683	27573
2235	93711	27531
2236	93774	27444
2237	94070	27399
2238	94240	27379
2239	94380	27377
2240	94383	27374
2241	94432	27328
2242	94649	27305
2243	94713	27288
2244	94728	27283
2245	94742	27242
2246	95074	27173
2247	95077	27170
2248	95178	27168
2249	95276	27166
2250	95370	27128
2251	95373	27125
2252	95436	27038
2253	95694	27037
2254	95732	26993
2255	95903	26990
2256	95934	26987
2257	95996	26927
2258	96094	26922
2259	96352	26921
2260	96362	26910
2261	96375	26882
2262	96390	26877
2263	96462	26862
2264	96476	26850
2265	96654	26811
2266	96736	26767
2267	96840	26762
2268	96938	26760
2269	97032	26722
2270	97206	26716
2271	97244	26711
2272	97263	26694
2273	97274	26691
2274	97299	26653
2275	97356	26631
2276	97565	26584
2277	97658	26521
2278	98014	26515
2279	98045	26507
2280	98138	26444
2281	98316	26405
2282	98584	26393
2283	98703	26391
2284	98796	26328
2285	99039	26324
2286	99043	26321
2287	99064	26316
2288	99069	26289
2289	99242	26277
2290	99305	26255
2291	99398	26192
2292	99754	26186
2293	99785	26178
2294	99878	26115
2295	100056	26076
2296	100324	26064
2297	100373	26049
2298	100434	26045
2299	100536	25999
2300	100795	25930
2301	101092	25929
2302	101257	25908
2303	101269	25894
2304	101286	25889
2305	101289	25883
2306	101293	25879
2307	101446	25865
2308	101453	25814
2309	101721	25802
2310	101915	25792
2311	101927	25778
2312	101951	25763
2313	102104	25749
2314	102202	25747
2315	102206	25698
2316	102379	25686
2317	102654	25646
2318	102666	25632
2319	102955	25631
2320	103030	25621
2321	103066	25601
2322	103091	25587
2323	103132	25570
2324	103312	25530
2325	103324	25516
2326	103558	25497
2327	103749	25471
2328	103822	25465
2329	103975	25451
2330	104065	25414
2331	104216	25381
2332	104484	25369
2333	104525	25348
2334	104675	25343
2335	104748	25337
2336	104901	25323
2337	104925	25317
2338	104950	25303
2339	104969	25265
2340	105142	25253
2341	105183	25232
2342	105417	25213
2343	105429	25199
2344	105608	25187
2345	105681	25181
2346	105829	25168
2347	105834	25167
2348	105854	25154
2349	105895	25137
2350	106043	25135
2351	106075	25097
2352	106087	25083
2353	106355	25071
2354	106512	25038
2355	106728	25029
2356	106780	25026
2357	106813	25024
2358	106828	24981
2359	107001	24969
2360	107013	24955
2361	107288	24915
2362	107438	24910
2363	107654	24901
2364	107688	24884
2365	107713	24870
2366	107754	24853
2367	107846	24847
2368	107946	24799
2369	108214	24787
2370	108371	24754
2371	108587	24745
2372	108639	24742
2373	108672	24740
2374	108760	24733
2375	108772	24719
2376	108806	24702
2377	108872	24671
2378	109231	24657
2379	109297	24626
2380	109513	24617
2381	109598	24612
2382	109688	24607
2383	109705	24563
2384	109973	24551
2385	110130	24518
2386	110364	24513
2387	110398	24506
2388	110431	24504
2389	110466	24499
2390	110565	24466
2391	110631	24435
2392	110990	24421
2393	111056	24390
2394	111357	24376
2395	111447	24371
2396	111491	24338
2397	111782	24331
2398	111872	24326
2399	111916	24293
2400	112123	24277
2401	112225	24263
2402	112416	24251
2403	112548	24232
2404	112650	24218
2405	112851	24199
2406	112895	24193
2407	113040	24192
2408	113085	24166
2409	113220	24164
2410	113276	24154
2411	113320	24148
2412	113368	24140
2413	113483	24138
2414	113510	24121
2415	113641	24120
2416	113645	24119
2417	113694	24108
2418	113706	24082
2419	113799	24081
2420	113811	24055
2421	114104	24053
2422	114127	24045
2423	114131	24037
2424	114209	24026
2425	114236	24010
2426	114299	24004
2427	114381	23985
2428	114404	23977
2429	114486	23958
2430	114801	23956
2431	114802	23948
2432	114806	23940
2433	114829	23932
2434	114911	23913
2435	114974	23907
2436	115079	23880
2437	115394	23878
2438	115399	23862
2439	115504	23835
2440	115805	23821
2441	115846	23819
2442	115895	23816
2443	115946	23804
2444	116024	23796
2445	116080	23786
2446	116219	23772
2447	116320	23771
2448	116334	23768
2449	116371	23759
2450	116439	23741
2451	116568	23735
2452	116644	23727
2453	116673	23708
2454	116864	23696
2455	116993	23690
2456	117098	23663
2457	117260	23656
2458	117309	23654
2459	117362	23651
2460	117382	23648
2461	117425	23646
2462	117467	23645
2463	117489	23644
2464	117516	23638
2465	117540	23632
2466	117611	23625
2467	117614	23620
2468	117629	23618
2469	117675	23594
2470	117717	23593
2471	117807	23587
2472	117881	23573
2473	117983	23568
2474	118037	23554
2475	118100	23549
2476	118142	23548
2477	118222	23525
2478	118408	23523
2479	118462	23509
2480	118620	23496
2481	118647	23480
2482	118658	23471
2483	118751	23458
2484	118843	23442
2485	118897	23428
2486	119083	23426
2487	119121	23415
2488	119176	23413
2489	119268	23397
2490	119322	23383
2491	119518	23345
2492	119742	23332
2493	119796	23318
2494	119943	23300
2495	119981	23289
2496	120167	23287
2497	120221	23273
2498	120379	23260
2499	120406	23244
2500	120417	23235
2501	120510	23222
2502	120602	23206
2503	120656	23192
2504	120842	23190
2505	120935	23177
2506	121027	23161
2507	121081	23147
2508	121277	23109
2509	121592	23107
2510	121702	23064
2511	122003	23050
2512	122093	23045
2513	122196	23034
2514	122250	23020
2515	122428	23005
2516	122518	23000
2517	122621	22989
2518	122637	22970
2519	122871	22937
2520	123062	22925
2521	123296	22892
2522	123565	22888
2523	123597	22878
2524	123687	22873
2525	123788	22866
2526	123981	22850
2527	123990	22843
2528	124022	22833
2529	124112	22828
2530	124231	22798
2531	124546	22796
2532	124656	22753
2533	124957	22739
2534	125159	22716
2535	125382	22694
2536	125584	22671
2537	125858	22649
2538	126049	22637
2539	126283	22604
2540	126505	22603
2541	126552	22600
2542	126584	22590
2543	126674	22585
2544	126775	22578
2545	126930	22558
2546	126977	22555
2547	127009	22545
2548	127099	22540
2549	127218	22510
2550	127533	22508
2551	127643	22465
2552	127944	22451
2553	128146	22428
2554	128369	22406
2555	128571	22383
2556	128872	22369
2557	128994	22365
2558	129251	22360
2559	129295	22351
2560	129297	22324
2561	129492	22315
2562	129720	22306
2563	129917	22270
2564	130232	22268
2565	130420	22233
2566	130735	22231
2567	130843	22215
2568	130845	22188
2569	131160	22186
2570	131268	22170
2571	131583	22168
2572	131809	22159
2573	132124	22157
2574	132160	22140
2575	132182	22134
2576	132234	22114
2577	132549	22112
2578	132607	22089
2579	132922	22087
2580	133030	22071
2581	133283	22049
2582	133474	22046
2583	133708	22004
2584	134023	22002
2585	134430	21994
2586	134722	21988
2587	134863	21972
2588	135045	21950
2589	135147	21943
2590	135462	21941
2591	135470	21905
2592	135785	21903
2593	135996	21898
2594	136192	21895
2595	136337	21862
2596	136652	21860
2597	136882	21851
2598	137092	21849
2599	137333	21844
2600	137435	21837
2601	137544	21826
2602	137758	21799
2603	138219	21797
2604	138321	21790
2605	138411	21783
2606	138625	21756
2607	138644	21752
2608	139347	21746
2609	139366	21742
2610	139511	21709
2611	139877	21706
2612	140233	21699
2613	140266	21696
2614	140390	21674
2615	140597	21662
2616	141257	21631
2617	141464	21619
2618	142012	21618
2619	142186	21609
2620	142219	21606
2621	142456	21602
2622	142782	21596
2623	142989	21584
2624	143335	21567
2625	143542	21555
2626	143649	21553
2627	143856	21541
2628	144202	21524
2629	144409	21512
2630	144957	21511
2631	145131	21502
2632	145164	21499
2633	145727	21489
2634	145934	21477
2635	146594	21446
2636	146801	21434
2637	147349	21433
2638	147523	21424
2639	147556	21421
2640	148278	21411
2641	150062	21393
2642	150269	21381
2643	150817	21380
2644	150991	21371
2645	151024	21368
2646	151746	21358
2647	153644	21352
2648	154192	21351
2649	154366	21342
2650	154399	21339
2651	154589	21336
2652	155121	21329
2653	155344	21323
2654	157757	21319
2655	157964	21307
2656	158512	21306
2657	158719	21294
