1	22141	167856
2	22146	167021
3	22151	162794
4	22156	161959
5	22198	161802
6	22199	161693
7	22202	159858
8	22207	159023
9	22224	158385
10	22254	157553
11	22271	156915
12	22272	155545
13	22277	154710
14	22319	154553
15	22320	154444
16	22323	152609
17	22328	151774
18	22345	151136
19	22375	150304
20	22392	149666
21	22423	148356
22	22440	147718
23	22482	147561
24	22503	147544
25	22519	147448
26	22520	146906
27	22558	146811
28	22570	146773
29	22578	146127
30	22595	145489
31	22614	145069
32	22635	145052
33	22645	144826
34	22652	144414
35	22662	144188
36	22704	144031
37	22705	143965
38	22709	143864
39	22710	143271
40	22727	142633
41	22758	142605
42	22769	142476
43	22782	142081
44	22794	141968
45	22807	141821
46	22811	141330
47	22850	141326
48	22865	141042
49	22874	140884
50	22882	140404
51	22901	139984
52	22922	139967
53	22932	139741
54	22939	139329
55	22949	139103
56	22980	139075
57	22991	138946
58	22992	138880
59	22999	138649
60	23004	138551
61	23016	138438
62	23029	138291
63	23033	137800
64	23072	137796
65	23080	137476
66	23104	136874
67	23123	136454
68	23144	136437
69	23154	136426
70	23161	135799
71	23192	135771
72	23196	135765
73	23198	135746
74	23214	135350
75	23215	135345
76	23217	135326
77	23221	135119
78	23246	135102
79	23248	135083
80	23263	134464
81	23265	134445
82	23286	134377
83	23302	133946
84	23336	133923
85	23340	133913
86	23341	133825
87	23351	133458
88	23369	133121
89	23370	133074
90	23388	132701
91	23418	132235
92	23420	132216
93	23437	131815
94	23439	131796
95	23460	131728
96	23490	131706
97	23491	131700
98	23498	131073
99	23529	131045
100	23533	131039
101	23534	131032
102	23535	131020
103	23551	130624
104	23552	130619
105	23554	130600
106	23558	130393
107	23584	130232
108	23586	130213
109	23600	129738
110	23602	129719
111	23620	129604
112	23642	129581
113	23644	129562
114	23654	129274
115	23656	129255
116	23677	129187
117	23687	128822
118	23688	128732
119	23706	128395
120	23708	128383
121	23725	127975
122	23755	127509
123	23757	127490
124	23774	127089
125	23776	127070
126	23805	127061
127	23807	127042
128	23847	127032
129	23850	126828
130	23852	126809
131	23873	126793
132	23874	126747
133	23876	126327
134	23904	126281
135	23905	126191
136	23909	126182
137	23923	125854
138	23925	125842
139	23926	125781
140	23928	125762
141	23942	125434
142	23972	124968
143	23974	124949
144	23991	124548
145	23993	124529
146	24022	124520
147	24024	124501
148	24032	124342
149	24067	124287
150	24069	124268
151	24090	124252
152	24093	123786
153	24124	123660
154	24126	123641
155	24133	123633
156	24136	123537
157	24138	123518
158	24143	123240
159	24145	123221
160	24152	123213
161	24174	123212
162	24176	123193
163	24178	123083
164	24184	123034
165	24198	122695
166	24208	122617
167	24210	122559
168	24220	122552
169	24227	122197
170	24229	122178
171	24247	121809
172	24249	121790
173	24278	121781
174	24280	121762
175	24323	121548
176	24325	121529
177	24329	121435
178	24348	121338
179	24349	121047
180	24379	120889
181	24381	120870
182	24394	120790
183	24398	120769
184	24399	120501
185	24401	120482
186	24427	120018
187	24466	120014
188	24476	119813
189	24485	119450
190	24505	119062
191	24544	119058
192	24572	119007
193	24579	118710
194	24586	118702
195	24604	118599
196	24615	118592
197	24621	118578
198	24628	118505
199	24634	118418
200	24637	118142
201	24654	118030
202	24657	117754
203	24663	117667
204	24683	117279
205	24722	117275
206	24762	117204
207	24780	117002
208	24782	116816
209	24806	116722
210	24815	116359
211	24835	115971
212	24874	115967
213	24877	115839
214	24916	115835
215	24932	115694
216	24934	115508
217	24960	115421
218	24976	115376
219	25000	115282
220	25009	114919
221	25029	114531
222	25068	114527
223	25092	114501
224	25108	114456
225	25112	114113
226	25128	114068
227	25167	114064
228	25175	113767
229	25210	113643
230	25217	113635
231	25234	113282
232	25290	113127
233	25305	113108
234	25317	112864
235	25333	112819
236	25355	112632
237	25369	112327
238	25422	112207
239	25433	112002
240	25442	111819
241	25484	111687
242	25529	111637
243	25532	111539
244	25538	111496
245	25541	111356
246	25552	111205
247	25564	111021
248	25608	110893
249	25616	110767
250	25636	110379
251	25699	110349
252	25715	110304
253	25716	109713
254	25758	109581
255	25813	109436
256	25815	109250
257	25835	109167
258	25841	109163
259	25857	109118
260	25877	109035
261	25910	108273
262	25976	108206
263	25993	107855
264	26009	107810
265	26029	107727
266	26090	107578
267	26092	107392
268	26112	107309
269	26128	107264
270	26151	107240
271	26162	107052
272	26200	106787
273	26205	106628
274	26261	106589
275	26271	106561
276	26278	106383
277	26283	106369
278	26288	106210
279	26304	106165
280	26314	105744
281	26380	105677
282	26384	105501
283	26411	105467
284	26413	105281
285	26433	105198
286	26495	105142
287	26503	104955
288	26509	104951
289	26530	104921
290	26532	104735
291	26555	104711
292	26578	104061
293	26644	103994
294	26661	103643
295	26697	103515
296	26758	103366
297	26780	103097
298	26816	103095
299	26819	103028
300	26830	102840
301	26868	102575
302	26873	102416
303	26939	102349
304	26949	102294
305	26951	102157
306	26956	101998
307	26982	101532
308	27048	101465
309	27075	101452
310	27079	101255
311	27101	100986
312	27163	100930
313	27184	100886
314	27198	100709
315	27220	100566
316	27223	100499
317	27251	100392
318	27267	100356
319	27272	100046
320	27277	99887
321	27343	99820
322	27369	99769
323	27374	99610
324	27391	99500
325	27396	99341
326	27479	99241
327	27488	99223
328	27493	99064
329	27513	99013
330	27515	98921
331	27541	98906
332	27546	98747
333	27562	98711
334	27567	98401
335	27613	98395
336	27627	98268
337	27664	98124
338	27677	98108
339	27686	97855
340	27719	97593
341	27783	97578
342	27785	97526
343	27805	97435
344	27816	97316
345	27828	97194
346	27838	97047
347	27898	96982
348	27903	96909
349	27907	96870
350	27917	96782
351	27935	96770
352	27947	96648
353	27957	96627
354	27967	96622
355	27988	96453
356	28004	96417
357	28009	96107
358	28055	96101
359	28069	95974
360	28106	95830
361	28118	95708
362	28128	95561
363	28174	95555
364	28188	95428
365	28197	95384
366	28219	95361
367	28225	95284
368	28237	95162
369	28247	95141
370	28278	94967
371	28316	94838
372	28337	94766
373	28340	94688
374	28345	94615
375	28359	94488
376	28397	94421
377	28409	94328
378	28449	94289
379	28454	94216
380	28456	94211
381	28459	94142
382	28464	94069
383	28478	93942
384	28509	93875
385	28528	93782
386	28547	93765
387	28568	93743
388	28569	93742
389	28573	93670
390	28575	93665
391	28587	93543
392	28597	93522
393	28618	93476
394	28628	93329
395	28666	93219
396	28678	93188
397	28680	93184
398	28687	93147
399	28690	93069
400	28695	92996
401	28716	92976
402	28737	92930
403	28740	92909
404	28745	92836
405	28747	92802
406	28759	92709
407	28797	92642
408	28799	92590
409	28809	92523
410	28814	92450
411	28845	92383
412	28859	92256
413	28878	92163
414	28918	92124
415	28923	92051
416	28942	91988
417	28947	91986
418	28954	91984
419	28956	91979
420	28959	91910
421	28964	91837
422	28978	91710
423	29016	91692
424	29028	91569
425	29047	91533
426	29066	91440
427	29073	91438
428	29075	91433
429	29087	91311
430	29090	91290
431	29091	91258
432	29095	91217
433	29114	91159
434	29128	91116
435	29135	91098
436	29147	91023
437	29149	90971
438	29187	90915
439	29190	90837
440	29195	90764
441	29209	90744
442	29214	90671
443	29233	90613
444	29247	90570
445	29265	90535
446	29268	90326
447	29309	90291
448	29314	90218
449	29321	90190
450	29356	90171
451	29365	90049
452	29377	89927
453	29418	89831
454	29423	89819
455	29430	89791
456	29440	89644
457	29441	89639
458	29464	89540
459	29485	89479
460	29502	89473
461	29506	89360
462	29529	89292
463	29537	89186
464	29569	89121
465	29583	88994
466	29596	88985
467	29599	88907
468	29604	88834
469	29618	88707
470	29657	88698
471	29672	88642
472	29692	88595
473	29702	88574
474	29708	88508
475	29709	88504
476	29712	88370
477	29727	88308
478	29734	88271
479	29771	88225
480	29776	88152
481	29791	88096
482	29800	88048
483	29821	87971
484	29843	87872
485	29852	87854
486	29856	87741
487	29885	87683
488	29887	87567
489	29919	87502
490	29946	87366
491	29949	87288
492	29954	87215
493	29996	87168
494	30003	87131
495	30028	87103
496	30040	87029
497	30043	86951
498	30048	86878
499	30062	86751
500	30084	86652
501	30127	86604
502	30152	86552
503	30157	86479
504	30159	86474
505	30171	86352
506	30193	86253
507	30222	86246
508	30227	86173
509	30251	86155
510	30264	86105
511	30268	86075
512	30276	86066
513	30282	86011
514	30286	86006
515	30290	85976
516	30300	85785
517	30322	85686
518	30331	85611
519	30353	85512
520	30390	85410
521	30393	85332
522	30398	85259
523	30415	85233
524	30420	85160
525	30462	85113
526	30498	85083
527	30499	85011
528	30502	84933
529	30507	84860
530	30524	84834
531	30529	84761
532	30573	84743
533	30590	84673
534	30595	84644
535	30604	84569
536	30618	84519
537	30626	84470
538	30648	84441
539	30653	84433
540	30663	84368
541	30666	84290
542	30671	84217
543	30688	84191
544	30693	84118
545	30735	84071
546	30757	84042
547	30771	84041
548	30772	83969
549	30775	83891
550	30780	83818
551	30797	83792
552	30802	83719
553	30820	83679
554	30852	83670
555	30863	83631
556	30880	83605
557	30882	83508
558	30904	83490
559	30907	83470
560	30917	83402
561	30921	83399
562	30926	83391
563	30929	83280
564	30944	83229
565	30949	83156
566	30971	83124
567	30991	83109
568	31006	83097
569	31008	82978
570	31047	82974
571	31050	82908
572	31052	82901
573	31053	82830
574	31058	82713
575	31070	82699
576	31075	82626
577	31079	82593
578	31089	82539
579	31143	82500
580	31148	82338
581	31151	82260
582	31156	82187
583	31198	82140
584	31205	82063
585	31251	82057
586	31256	82011
587	31257	81939
588	31260	81861
589	31265	81788
590	31286	81624
591	31332	81618
592	31340	81585
593	31348	81453
594	31383	81347
595	31395	81225
596	31410	81174
597	31415	81101
598	31443	81097
599	31457	81054
600	31474	80923
601	31516	80853
602	31519	80775
603	31524	80658
604	31536	80644
605	31541	80571
606	31555	80484
607	31609	80445
608	31614	80283
609	31617	80205
610	31622	80132
611	31664	80085
612	31688	80059
613	31716	80055
614	31718	80046
615	31719	80034
616	31722	79956
617	31723	79884
618	31726	79806
619	31731	79733
620	31785	79694
621	31797	79616
622	31809	79602
623	31814	79529
624	31828	79442
625	31882	79403
626	31887	79241
627	31890	79163
628	31895	79090
629	31937	79043
630	31989	79030
631	31991	79004
632	31992	78992
633	31995	78914
634	31996	78842
635	31999	78764
636	32004	78691
637	32058	78652
638	32082	78577
639	32087	78504
640	32109	78442
641	32163	78403
642	32187	78328
643	32188	78256
644	32191	78178
645	32196	78105
646	32250	78066
647	32273	78036
648	32293	78007
649	32294	78003
650	32296	77929
651	32301	77856
652	32344	77853
653	32349	77780
654	32377	77710
655	32382	77637
656	32403	77604
657	32408	77531
658	32429	77513
659	32446	77489
660	32449	77429
661	32461	77393
662	32466	77342
663	32478	77306
664	32480	77255
665	32492	77219
666	32508	77210
667	32513	77137
668	32538	77114
669	32539	77054
670	32542	76976
671	32547	76903
672	32559	76867
673	32589	76856
674	32601	76820
675	32617	76811
676	32622	76738
677	32647	76727
678	32648	76655
679	32651	76577
680	32656	76504
681	32668	76468
682	32710	76465
683	32722	76429
684	32734	76390
685	32739	76317
686	32751	76281
687	32761	76255
688	32773	76219
689	32814	76152
690	32839	76141
691	32840	76069
692	32843	75991
693	32848	75918
694	32860	75882
695	32902	75879
696	32914	75843
697	32934	75775
698	32946	75729
699	32953	75669
700	32965	75633
701	32984	75622
702	32987	75613
703	32998	75535
704	33009	75523
705	33025	75506
706	33032	75454
707	33034	75450
708	33042	75307
709	33054	75261
710	33060	75256
711	33065	75183
712	33092	75154
713	33106	75067
714	33151	74908
715	33165	74866
716	33168	74788
717	33173	74715
718	33250	74688
719	33269	74624
720	33274	74551
721	33286	74515
722	33306	74474
723	33324	74412
724	33338	74325
725	33353	74293
726	33358	74220
727	33397	74124
728	33400	74046
729	33405	73973
730	33432	73944
731	33446	73857
732	33505	73656
733	33508	73578
734	33513	73505
735	33555	73458
736	33597	73387
737	33613	73329
738	33614	73257
739	33617	73179
740	33622	73106
741	33693	73083
742	33697	73070
743	33698	73010
744	33700	72992
745	33705	72919
746	33727	72857
747	33776	72839
748	33798	72834
749	33799	72762
750	33802	72684
751	33806	72671
752	33807	72611
753	33809	72593
754	33814	72520
755	33885	72497
756	33890	72424
757	33911	72422
758	33912	72362
759	33914	72344
760	33919	72271
761	33990	72248
762	33991	72176
763	33994	72098
764	33999	72025
765	34040	71994
766	34045	71921
767	34083	71865
768	34099	71849
769	34104	71776
770	34145	71745
771	34146	71673
772	34149	71595
773	34154	71522
774	34192	71466
775	34230	71426
776	34232	71408
777	34237	71335
778	34259	71273
779	34297	71217
780	34331	71178
781	34334	71100
782	34338	71087
783	34339	71027
784	34341	71009
785	34346	70936
786	34417	70913
787	34422	70840
788	34443	70838
789	34444	70778
790	34446	70760
791	34451	70687
792	34522	70664
793	34523	70592
794	34526	70514
795	34531	70441
796	34628	70343
797	34631	70265
798	34636	70192
799	34750	70134
800	34755	70061
801	34799	70054
802	34801	70036
803	34806	69963
804	34830	69888
805	34835	69815
806	34881	69790
807	34886	69717
808	34935	69639
809	34940	69566
810	34986	69541
811	34991	69468
812	35030	69461
813	35048	69397
814	35053	69324
815	35127	69272
816	35135	69212
817	35153	69148
818	35158	69075
819	35247	69037
820	35262	69030
821	35267	68957
822	35290	68915
823	35295	68842
824	35311	68816
825	35352	68788
826	35364	68724
827	35376	68688
828	35399	68676
829	35403	68673
830	35404	68603
831	35408	68600
832	35416	68567
833	35447	68535
834	35452	68462
835	35481	68439
836	35503	68436
837	35508	68424
838	35513	68351
839	35555	68319
840	35567	68283
841	35580	68272
842	35603	68260
843	35608	68187
844	35620	68151
845	35654	68128
846	35666	68092
847	35673	68059
848	35685	68023
849	35719	68000
850	35731	67964
851	35751	67909
852	35756	67836
853	35769	67784
854	35797	67783
855	35824	67751
856	35836	67715
857	35850	67691
858	35862	67655
859	35869	67608
860	35874	67535
861	35902	67534
862	35948	67499
863	35951	67482
864	35955	67442
865	35967	67406
866	35974	67345
867	36028	67335
868	36040	67299
869	36041	67286
870	36053	67250
871	36100	67232
872	36114	67179
873	36119	67133
874	36124	67060
875	36152	67059
876	36168	67058
877	36174	67020
878	36198	67009
879	36205	66967
880	36215	66946
881	36217	66931
882	36220	66873
883	36229	66811
884	36257	66810
885	36285	66745
886	36297	66709
887	36322	66682
888	36366	66662
889	36370	66651
890	36371	66589
891	36383	66553
892	36408	66526
893	36424	66457
894	36436	66421
895	36484	66402
896	36489	66329
897	36501	66293
898	36570	66246
899	36575	66173
900	36587	66137
901	36593	66133
902	36636	66108
903	36648	66072
904	36682	65956
905	36685	65878
906	36690	65805
907	36718	65804
908	36766	65785
909	36771	65712
910	36783	65676
911	36852	65629
912	36857	65556
913	36869	65520
914	36916	65502
915	36936	65469
916	36948	65433
917	36985	65363
918	36990	65290
919	37082	65258
920	37087	65185
921	37099	65149
922	37114	65131
923	37150	65103
924	37173	65090
925	37178	65017
926	37181	64994
927	37186	64921
928	37198	64885
929	37283	64816
930	37288	64743
931	37369	64738
932	37387	64670
933	37388	64661
934	37393	64588
935	37416	64550
936	37428	64514
937	37497	64501
938	37512	64495
939	37517	64429
940	37547	64410
941	37561	64392
942	37564	64384
943	37575	64367
944	37580	64294
945	37587	64247
946	37588	64228
947	37606	64170
948	37611	64097
949	37669	64077
950	37712	64069
951	37716	64035
952	37728	63999
953	37782	63994
954	37787	63921
955	37836	63918
956	37840	63876
957	37852	63840
958	37855	63839
959	37867	63803
960	37907	63765
961	37909	63751
962	37916	63704
963	37935	63627
964	37940	63554
965	38005	63547
966	38011	63508
967	38024	63470
968	38029	63397
969	38083	63358
970	38088	63285
971	38174	63260
972	38211	63247
973	38217	63227
974	38224	63199
975	38234	63193
976	38239	63120
977	38252	63103
978	38262	63088
979	38267	63015
980	38307	62973
981	38324	62955
982	38326	62896
983	38329	62882
984	38331	62823
985	38431	62814
986	38448	62796
987	38450	62737
988	38453	62723
989	38455	62664
990	38504	62605
991	38562	62573
992	38567	62500
993	38642	62464
994	38679	62397
995	38691	62341
996	38702	62328
997	38707	62282
998	38734	62209
999	38739	62136
1000	38824	62101
1001	38829	62028
1002	38916	61971
1003	38974	61955
1004	38976	61934
1005	38979	61882
1006	38996	61867
1007	39002	61840
1008	39007	61767
1009	39034	61694
1010	39039	61621
1011	39124	61586
1012	39129	61513
1013	39163	61462
1014	39216	61456
1015	39231	61436
1016	39248	61427
1017	39253	61354
1018	39287	61311
1019	39340	61297
1020	39355	61277
1021	39372	61276
1022	39377	61203
1023	39392	61153
1024	39464	61146
1025	39471	61097
1026	39493	61047
1027	39515	61007
1028	39527	60971
1029	39583	60939
1030	39617	60888
1031	39639	60848
1032	39651	60812
1033	39668	60788
1034	39687	60711
1035	39692	60638
1036	39792	60629
1037	39802	60627
1038	39807	60623
1039	39809	60566
1040	39811	60552
1041	39816	60479
1042	39857	60439
1043	39862	60366
1044	39940	60328
1045	39952	60258
1046	39986	60207
1047	40035	60148
1048	40076	60099
1049	40125	60040
1050	40212	59983
1051	40231	59949
1052	40264	59909
1053	40270	59905
1054	40308	59883
1055	40311	59865
1056	40313	59850
1057	40316	59792
1058	40367	59764
1059	40372	59691
1060	40406	59684
1061	40433	59680
1062	40440	59633
1063	40488	59617
1064	40489	59574
1065	40493	59544
1066	40496	59532
1067	40498	59498
1068	40525	59425
1069	40530	59352
1070	40615	59317
1071	40620	59244
1072	40707	59187
1073	40756	59152
1074	40774	59133
1075	40789	59120
1076	40793	59056
1077	40798	58983
1078	40825	58910
1079	40830	58837
1080	40915	58802
1081	40920	58729
1082	40954	58678
1083	41007	58672
1084	41039	58643
1085	41044	58570
1086	41078	58527
1087	41131	58513
1088	41163	58492
1089	41168	58419
1090	41183	58369
1091	41255	58362
1092	41262	58313
1093	41317	58278
1094	41352	58205
1095	41379	58177
1096	41409	58163
1097	41439	58148
1098	41446	58137
1099	41448	58102
1100	41453	58029
1101	41459	58004
1102	41478	57927
1103	41483	57854
1104	41583	57845
1105	41601	57842
1106	41602	57768
1107	41607	57695
1108	41648	57655
1109	41653	57582
1110	41731	57544
1111	41743	57474
1112	41777	57423
1113	41826	57364
1114	41867	57315
1115	41916	57256
1116	42003	57199
1117	42050	57198
1118	42055	57125
1119	42099	57099
1120	42104	57066
1121	42177	57061
1122	42183	57056
1123	42186	57029
1124	42189	56991
1125	42198	56959
1126	42223	56940
1127	42232	56908
1128	42272	56881
1129	42281	56849
1130	42313	56832
1131	42322	56800
1132	42353	56784
1133	42362	56773
1134	42371	56741
1135	42402	56725
1136	42443	56676
1137	42492	56617
1138	42510	56610
1139	42550	56583
1140	42559	56551
1141	42631	56486
1142	42644	56476
1143	42673	56424
1144	42678	56351
1145	42768	56317
1146	42797	56265
1147	42802	56192
1148	42851	56133
1149	42947	56102
1150	42993	56098
1151	43005	56068
1152	43025	56047
1153	43034	56045
1154	43077	56003
1155	43083	55990
1156	43086	55971
1157	43117	55939
1158	43124	55868
1159	43133	55836
1160	43207	55831
1161	43233	55827
1162	43248	55709
1163	43257	55677
1164	43297	55650
1165	43306	55618
1166	43378	55553
1167	43427	55494
1168	43529	55490
1169	43532	55488
1170	43538	55475
1171	43563	55456
1172	43570	55441
1173	43572	55424
1174	43579	55353
1175	43653	55348
1176	43662	55316
1177	43700	55229
1178	43703	55194
1179	43752	55135
1180	43824	55070
1181	43833	55038
1182	43873	55011
1183	43882	54979
1184	43984	54975
1185	44013	54940
1186	44018	54867
1187	44108	54833
1188	44137	54781
1189	44142	54708
1190	44191	54649
1191	44279	54555
1192	44328	54496
1193	44381	54477
1194	44464	54384
1195	44473	54352
1196	44505	54318
1197	44554	54259
1198	44588	54225
1199	44597	54193
1200	44637	54166
1201	44646	54134
1202	44796	54122
1203	44801	54107
1204	44820	54083
1205	44827	53994
1206	44836	53962
1207	44919	53869
1208	44951	53835
1209	44960	53803
1210	45000	53776
1211	45009	53744
1212	45043	53710
1213	45092	53651
1214	45226	53627
1215	45251	53607
1216	45256	53592
1217	45275	53568
1218	45282	53479
1219	45382	53470
1220	45406	53320
1221	45455	53261
1222	45608	53231
1223	45611	53227
1224	45619	53202
1225	45620	53195
1226	45648	53183
1227	45668	53143
1228	45697	53124
1229	45721	53085
1230	45789	53072
1231	45792	53068
1232	45793	53040
1233	45801	53036
1234	45876	53030
1235	45885	53026
1236	45887	53022
1237	45896	52977
1238	45905	52945
1239	45930	52907
1240	45942	52871
1241	45986	52852
1242	46020	52818
1243	46029	52786
1244	46054	52748
1245	46066	52712
1246	46141	52706
1247	46177	52701
1248	46185	52693
1249	46211	52667
1250	46235	52589
1251	46247	52553
1252	46322	52547
1253	46323	52544
1254	46333	52539
1255	46351	52462
1256	46383	52428
1257	46392	52396
1258	46432	52369
1259	46441	52337
1260	46475	52303
1261	46524	52244
1262	46623	52218
1263	46683	52182
1264	46695	52146
1265	46714	52072
1266	46769	52061
1267	46838	51913
1268	46887	51854
1269	46987	51820
1270	47024	51797
1271	47036	51761
1272	47094	51756
1273	47100	51736
1274	47129	51717
1275	47150	51704
1276	47153	51678
1277	47184	51670
1278	47206	51633
1279	47218	51597
1280	47293	51591
1281	47298	51581
1282	47332	51574
1283	47347	51507
1284	47375	51445
1285	47399	51438
1286	47422	51422
1287	47424	51386
1288	47471	51363
1289	47521	51306
1290	47547	51280
1291	47596	51221
1292	47665	51195
1293	47693	51188
1294	47710	51170
1295	47730	51165
1296	47733	51161
1297	47742	51129
1298	47785	51102
1299	47793	51094
1300	47807	51068
1301	47822	51047
1302	47834	51011
1303	47856	51009
1304	47882	50983
1305	47909	50982
1306	47921	50946
1307	47931	50924
1308	47983	50922
1309	48003	50888
1310	48015	50852
1311	48058	50837
1312	48078	50801
1313	48102	50787
1314	48107	50763
1315	48127	50741
1316	48139	50705
1317	48156	50704
1318	48176	50682
1319	48182	50678
1320	48188	50646
1321	48231	50619
1322	48339	50604
1323	48352	50587
1324	48364	50579
1325	48371	50563
1326	48395	50560
1327	48401	50528
1328	48403	50489
1329	48451	50481
1330	48463	50445
1331	48497	50443
1332	48526	50425
1333	48527	50330
1334	48576	50271
1335	48719	50257
1336	48731	50221
1337	48740	50212
1338	48749	50197
1339	48756	50175
1340	48768	50139
1341	48805	50116
1342	48817	50080
1343	48892	50074
1344	48909	50053
1345	48914	50050
1346	48929	50035
1347	48955	50009
1348	49002	50001
1349	49004	49950
1350	49082	49928
1351	49120	49869
1352	49155	49859
1353	49166	49855
1354	49195	49784
1355	49235	49728
1356	49244	49710
1357	49290	49696
1358	49319	49625
1359	49365	49611
1360	49414	49607
1361	49448	49588
1362	49464	49573
1363	49470	49553
1364	49476	49537
1365	49489	49522
1366	49497	49514
1367	49532	49507
1368	49561	49488
1369	49572	49429
1370	49663	49407
1371	49691	49377
1372	49711	49362
1373	49722	49353
1374	49736	49283
1375	49811	49198
1376	49860	49124
1377	49935	49039
1378	50073	49006
1379	50102	48987
1380	50126	48948
1381	50148	48921
1382	50177	48902
1383	50201	48863
1384	50243	48856
1385	50289	48842
1386	50293	48836
1387	50307	48791
1388	50390	48784
1389	50413	48753
1390	50414	48745
1391	50456	48738
1392	50485	48719
1393	50496	48660
1394	50549	48654
1395	50573	48615
1396	50615	48608
1397	50617	48580
1398	50642	48569
1399	50688	48555
1400	50692	48495
1401	50712	48486
1402	50717	48484
1403	50763	48470
1404	50784	48355
1405	50859	48270
1406	50997	48237
1407	51026	48218
1408	51050	48179
1409	51072	48152
1410	51101	48133
1411	51125	48094
1412	51217	48067
1413	51231	48022
1414	51258	47983
1415	51333	47898
1416	51422	47859
1417	51466	47858
1418	51471	47785
1419	51541	47773
1420	51546	47700
1421	51691	47695
1422	51705	47650
1423	51713	47648
1424	51779	47602
1425	51788	47563
1426	51843	47537
1427	51854	47517
1428	51900	47503
1429	51909	47492
1430	51918	47452
1431	51984	47407
1432	52085	47400
1433	52090	47354
1434	52107	47339
1435	52160	47315
1436	52184	47255
1437	52228	47241
1438	52253	47230
1439	52292	47224
1440	52299	47216
1441	52303	47156
1442	52323	47147
1443	52328	47145
1444	52374	47131
1445	52390	47089
1446	52395	47016
1447	52465	47004
1448	52470	46931
1449	52637	46879
1450	52707	46867
1451	52712	46794
1452	52767	46768
1453	52833	46723
1454	52842	46683
1455	52869	46644
1456	52908	46638
1457	52939	46632
1458	52944	46559
1459	53084	46546
1460	53108	46486
1461	53152	46472
1462	53186	46422
1463	53227	46387
1464	53307	46351
1465	53316	46311
1466	53382	46266
1467	53436	46248
1468	53480	46238
1469	53505	46198
1470	53558	46174
1471	53582	46114
1472	53626	46100
1473	53665	46094
1474	53696	46088
1475	53701	46015
1476	53808	46000
1477	53824	45947
1478	53865	45942
1479	53916	45896
1480	53943	45878
1481	53954	45866
1482	53981	45842
1483	54037	45830
1484	54044	45793
1485	54056	45757
1486	54139	45722
1487	54193	45704
1488	54213	45695
1489	54218	45693
1490	54262	45654
1491	54273	45600
1492	54285	45564
1493	54348	45515
1494	54360	45479
1495	54387	45478
1496	54457	45466
1497	54462	45393
1498	54620	45378
1499	54629	45341
1500	54657	45316
1501	54704	45256
1502	54732	45231
1503	54747	45228
1504	54759	45192
1505	54822	45143
1506	54834	45107
1507	54900	45100
1508	54905	45073
1509	54968	45024
1510	54980	44988
1511	55100	44948
1512	55117	44935
1513	55144	44934
1514	55194	44895
1515	55206	44859
1516	55219	44849
1517	55277	44825
1518	55340	44776
1519	55352	44740
1520	55367	44737
1521	55379	44701
1522	55442	44652
1523	55454	44616
1524	55579	44599
1525	55591	44563
1526	55657	44556
1527	55662	44529
1528	55714	44495
1529	55725	44480
1530	55737	44444
1531	55814	44404
1532	55826	44368
1533	55940	44340
1534	55963	44315
1535	56003	44291
1536	56015	44255
1537	56097	44232
1538	56109	44196
1539	56124	44193
1540	56136	44157
1541	56199	44108
1542	56211	44072
1543	56265	44062
1544	56277	44026
1545	56334	44004
1546	56340	43977
1547	56352	43941
1548	56508	43909
1549	56563	43900
1550	56571	43860
1551	56583	43824
1552	56654	43822
1553	56697	43796
1554	56717	43773
1555	56729	43737
1556	56772	43711
1557	56812	43682
1558	56868	43669
1559	56880	43633
1560	56885	43571
1561	56897	43535
1562	56960	43486
1563	56972	43450
1564	57097	43433
1565	57109	43397
1566	57198	43386
1567	57262	43367
1568	57274	43331
1569	57337	43282
1570	57349	43246
1571	57433	43211
1572	57486	43193
1573	57557	43174
1574	57569	43138
1575	57611	43132
1576	57625	43125
1577	57637	43089
1578	57642	43027
1579	57654	42991
1580	57717	42942
1581	57729	42906
1582	57887	42891
1583	57943	42878
1584	57955	42842
1585	57983	42813
1586	58031	42787
1587	58094	42738
1588	58106	42702
1589	58190	42667
1590	58281	42647
1591	58303	42629
1592	58315	42593
1593	58368	42588
1594	58378	42544
1595	58390	42508
1596	58481	42490
1597	58603	42477
1598	58616	42444
1599	58646	42437
1600	58680	42425
1601	58692	42389
1602	58741	42365
1603	58753	42329
1604	58767	42304
1605	58834	42270
1606	58851	42269
1607	58859	42245
1608	58909	42185
1609	58974	42178
1610	59013	42173
1611	59014	42120
1612	59026	42084
1613	59089	42035
1614	59101	41999
1615	59223	41986
1616	59259	41984
1617	59286	41981
1618	59315	41971
1619	59327	41935
1620	59369	41926
1621	59391	41916
1622	59396	41900
1623	59403	41880
1624	59408	41864
1625	59454	41779
1626	59529	41694
1627	59687	41679
1628	59696	41642
1629	59705	41640
1630	59717	41604
1631	59771	41557
1632	59780	41555
1633	59792	41519
1634	59906	41490
1635	59990	41455
1636	60073	41438
1637	60082	41436
1638	60094	41400
1639	60110	41378
1640	60148	41353
1641	60157	41351
1642	60169	41315
1643	60253	41280
1644	60316	41257
1645	60379	41252
1646	60385	41233
1647	60387	41162
1648	60462	41077
1649	60547	41050
1650	60622	40965
1651	60764	40958
1652	60780	40950
1653	60816	40942
1654	60838	40891
1655	60839	40873
1656	60922	40858
1657	60923	40838
1658	60999	40761
1659	61080	40754
1660	61083	40726
1661	61101	40716
1662	61234	40700
1663	61249	40680
1664	61254	40677
1665	61311	40628
1666	61366	40618
1667	61394	40588
1668	61414	40565
1669	61465	40556
1670	61486	40500
1671	61541	40490
1672	61562	40489
1673	61574	40453
1674	61592	40416
1675	61646	40388
1676	61701	40378
1677	61712	40359
1678	61746	40344
1679	61752	40304
1680	61771	40274
1681	61872	40247
1682	61906	40232
1683	61931	40162
1684	62116	40133
1685	62179	40129
1686	62182	40063
1687	62244	40011
1688	62299	40001
1689	62320	39989
1690	62332	39953
1691	62342	39951
1692	62398	39939
1693	62404	39899
1694	62459	39889
1695	62494	39883
1696	62516	39847
1697	62558	39827
1698	62560	39819
1699	62593	39801
1700	62632	39789
1701	62670	39775
1702	62676	39735
1703	62685	39733
1704	62731	39725
1705	62753	39689
1706	62760	39648
1707	62927	39596
1708	62936	39594
1709	62948	39558
1710	63002	39511
1711	63011	39509
1712	63023	39473
1713	63137	39444
1714	63176	39424
1715	63226	39416
1716	63233	39410
1717	63251	39339
1718	63301	39331
1719	63347	39315
1720	63379	39307
1721	63388	39305
1722	63400	39269
1723	63505	39246
1724	63529	39197
1725	63616	39187
1726	63618	39116
1727	63693	39031
1728	63778	39004
1729	63848	38984
1730	63853	38919
1731	63971	38889
1732	64056	38862
1733	64070	38827
1734	64131	38777
1735	64230	38715
1736	64388	38691
1737	64458	38671
1738	64463	38606
1739	64558	38569
1740	64633	38484
1741	64680	38457
1742	64788	38437
1743	64793	38372
1744	64840	38345
1745	64911	38342
1746	64996	38315
1747	65008	38285
1748	65010	38280
1749	65063	38275
1750	65071	38230
1751	65162	38213
1752	65170	38168
1753	65290	38144
1754	65318	38140
1755	65398	38124
1756	65403	38059
1757	65450	38032
1758	65531	38029
1759	65585	37972
1760	65620	37910
1761	65772	37900
1762	65775	37863
1763	65780	37798
1764	65962	37768
1765	66028	37741
1766	66067	37711
1767	66118	37700
1768	66145	37678
1769	66188	37629
1770	66230	37597
1771	66278	37588
1772	66305	37566
1773	66385	37550
1774	66390	37485
1775	66518	37455
1776	66572	37398
1777	66678	37343
1778	66820	37341
1779	66854	37298
1780	66866	37258
1781	66915	37253
1782	66980	37229
1783	67022	37197
1784	67026	37146
1785	67128	37142
1786	67143	37138
1787	67182	37085
1788	67288	37030
1789	67416	37026
1790	67449	37015
1791	67464	36985
1792	67470	36943
1793	67593	36937
1794	67631	36934
1795	67636	36899
1796	67646	36898
1797	67658	36858
1798	67707	36853
1799	67711	36849
1800	67753	36825
1801	67818	36746
1802	67920	36742
1803	67991	36737
1804	68026	36713
1805	68067	36704
1806	68080	36630
1807	68198	36626
1808	68241	36615
1809	68256	36585
1810	68314	36571
1811	68339	36540
1812	68376	36520
1813	68428	36499
1814	68495	36479
1815	68503	36449
1816	68542	36441
1817	68546	36429
1818	68601	36424
1819	68662	36374
1820	68702	36368
1821	68703	36365
1822	68731	36362
1823	68767	36352
1824	68783	36337
1825	68808	36313
1826	68924	36258
1827	68965	36249
1828	68990	36226
1829	69066	36219
1830	69100	36213
1831	69113	36202
1832	69131	36140
1833	69168	36120
1834	69273	36108
1835	69338	36029
1836	69393	36024
1837	69534	36011
1838	69569	35979
1839	69600	35913
1840	69741	35893
1841	69776	35868
1842	69816	35843
1843	69855	35835
1844	69871	35827
1845	69896	35803
1846	69948	35782
1847	70003	35777
1848	70012	35748
1849	70023	35732
1850	70062	35724
1851	70078	35716
1852	70185	35677
1853	70210	35666
1854	70251	35645
1855	70287	35635
1856	70321	35626
1857	70386	35621
1858	70426	35596
1859	70465	35588
1860	70481	35514
1861	70622	35501
1862	70633	35485
1863	70654	35443
1864	70688	35403
1865	70861	35332
1866	71038	35308
1867	71091	35267
1868	71264	35196
1869	71298	35156
1870	71467	35153
1871	71471	35085
1872	71624	35071
1873	71646	35060
1874	71674	35042
1875	71716	35020
1876	71741	35015
1877	71766	34991
1878	71784	34959
1879	71856	34955
1880	71876	34908
1881	71948	34904
1882	72018	34900
1883	72059	34891
1884	72083	34884
1885	72099	34865
1886	72110	34849
1887	72151	34840
1888	72191	34814
1889	72256	34813
1890	72259	34753
1891	72351	34702
1892	72466	34642
1893	72558	34591
1894	72628	34587
1895	72669	34578
1896	72694	34555
1897	72720	34536
1898	72761	34527
1899	72786	34504
1900	72937	34465
1901	72961	34455
1902	73011	34445
1903	73029	34414
1904	73076	34395
1905	73097	34353
1906	73168	34344
1907	73189	34302
1908	73304	34242
1909	73396	34191
1910	73585	34177
1911	73596	34156
1912	73707	34106
1913	73799	34055
1914	73803	34045
1915	73914	33995
1916	74006	33944
1917	74181	33919
1918	74206	33909
1919	74278	33900
1920	74349	33887
1921	74381	33884
1922	74409	33863
1923	74413	33798
1924	74584	33783
1925	74588	33773
1926	74681	33764
1927	74699	33723
1928	74708	33722
1929	74791	33672
1930	74888	33653
1931	74959	33640
1932	74991	33637
1933	75044	33636
1934	75063	33628
1935	75115	33576
1936	75198	33526
1937	75318	33475
1938	75493	33450
1939	75553	33449
1940	75565	33441
1941	75590	33431
1942	75652	33419
1943	75673	33381
1944	75725	33329
1945	75900	33304
1946	76011	33254
1947	76103	33203
1948	76200	33184
1949	76338	33177
1950	76350	33169
1951	76356	33167
1952	76375	33159
1953	76443	33147
1954	76489	33131
1955	76506	33122
1956	76510	33057
1957	76649	33019
1958	76741	32968
1959	76916	32943
1960	76985	32912
1961	77099	32904
1962	77141	32895
1963	77144	32887
1964	77148	32822
1965	77323	32797
1966	77434	32747
1967	77526	32696
1968	77623	32677
1969	77773	32662
1970	77779	32660
1971	77798	32652
1972	77884	32632
1973	77929	32615
1974	77933	32550
1975	78080	32545
1976	78122	32536
1977	78157	32534
1978	78248	32517
1979	78254	32510
1980	78310	32499
1981	78336	32469
1982	78402	32448
1983	78408	32405
1984	78522	32397
1985	78564	32388
1986	78666	32379
1987	78697	32372
1988	78729	32365
1989	78769	32336
1990	78773	32324
1991	78809	32302
1992	78865	32273
1993	78997	32252
1994	79039	32243
1995	79108	32231
1996	79172	32227
1997	79188	32222
1998	79193	32220
1999	79215	32176
2000	79280	32171
2001	79284	32157
2002	79307	32125
2003	79451	32107
2004	79611	32093
2005	79622	32092
2006	79636	32090
2007	79645	32088
2008	79690	32031
2009	79782	31980
2010	79893	31959
2011	80043	31944
2012	80120	31943
2013	80122	31940
2014	80143	31911
2015	80157	31909
2016	80182	31906
2017	80214	31889
2018	80232	31873
2019	80249	31858
2020	80274	31855
2021	80296	31845
2022	80382	31829
2023	80468	31822
2024	80518	31799
2025	80544	31768
2026	80599	31761
2027	80633	31756
2028	80656	31741
2029	80681	31709
2030	80725	31705
2031	80852	31654
2032	80942	31637
2033	80967	31634
2034	81017	31601
2035	81034	31586
2036	81059	31583
2037	81156	31564
2038	81167	31557
2039	81294	31506
2040	81384	31489
2041	81466	31437
2042	81545	31433
2043	81637	31382
2044	81769	31361
2045	81859	31344
2046	81941	31292
2047	81987	31285
2048	82079	31234
2049	82302	31223
2050	82377	31221
2051	82381	31219
2052	82386	31218
2053	82394	31201
2054	82433	31198
2055	82448	31181
2056	82462	31140
2057	82554	31089
2058	82777	31078
2059	82819	31073
2060	82823	31071
2061	82866	31056
2062	82883	31041
2063	82908	31038
2064	82915	31020
2065	83005	31019
2066	83016	31012
2067	83035	31010
2068	83094	31003
2069	83119	31000
2070	83127	30959
2071	83233	30944
2072	83294	30928
2073	83298	30926
2074	83315	30892
2075	83390	30875
2076	83486	30837
2077	83618	30816
2078	83686	30810
2079	83697	30799
2080	83790	30747
2081	83836	30740
2082	83928	30689
2083	84128	30662
2084	84139	30651
2085	84292	30638
2086	84293	30630
2087	84311	30595
2088	84403	30544
2089	84602	30511
2090	84614	30506
2091	84763	30455
2092	84895	30434
2093	84976	30414
2094	85070	30409
2095	85077	30366
2096	85113	30358
2097	85205	30307
2098	85438	30297
2099	85450	30292
2100	85520	30274
2101	85535	30265
2102	85546	30254
2103	85588	30213
2104	85680	30162
2105	85891	30160
2106	85896	30157
2107	85913	30152
2108	85945	30146
2109	85949	30144
2110	85977	30117
2111	85988	30106
2112	86041	30093
2113	86142	30085
2114	86161	30083
2115	86188	30079
2116	86220	30076
2117	86253	30032
2118	86359	30017
2119	86366	30015
2120	86371	30012
2121	86420	30001
2122	86424	29999
2123	86451	29966
2124	86463	29961
2125	86516	29948
2126	86612	29910
2127	86744	29889
2128	86823	29872
2129	86919	29864
2130	86926	29821
2131	86962	29813
2132	87054	29762
2133	87265	29724
2134	87437	29668
2135	87529	29617
2136	87740	29579
2137	87951	29577
2138	87973	29569
2139	88005	29563
2140	88009	29561
2141	88010	29538
2142	88037	29534
2143	88069	29531
2144	88101	29510
2145	88102	29487
2146	88269	29456
2147	88329	29451
2148	88419	29434
2149	88426	29432
2150	88480	29418
2151	88484	29416
2152	88511	29383
2153	88576	29365
2154	88672	29327
2155	88804	29306
2156	88894	29289
2157	88979	29281
2158	88986	29238
2159	89022	29230
2160	89114	29179
2161	89313	29168
2162	89412	29166
2163	89428	29138
2164	89497	29085
2165	89589	29034
2166	89854	29018
2167	89903	28993
2168	90105	28970
2169	90197	28919
2170	90329	28873
2171	90643	28832
2172	90749	28822
2173	90845	28809
2174	90850	28792
2175	90937	28758
2176	91067	28746
2177	91152	28738
2178	91159	28695
2179	91195	28687
2180	91263	28680
2181	91287	28636
2182	91391	28621
2183	91590	28610
2184	91601	28595
2185	91670	28542
2186	91762	28491
2187	91866	28476
2188	92027	28475
2189	92076	28450
2190	92180	28435
2191	92341	28434
2192	92410	28381
2193	92502	28330
2194	92606	28315
2195	92816	28289
2196	92920	28274
2197	93023	28249
2198	93116	28222
2199	93220	28207
2200	93254	28205
2201	93344	28188
2202	93429	28180
2203	93436	28137
2204	93472	28129
2205	93564	28078
2206	93763	28067
2207	93856	28061
2208	93878	28037
2209	93947	27984
2210	94039	27933
2211	94304	27917
2212	94353	27892
2213	94618	27876
2214	94687	27823
2215	94779	27772
2216	95093	27731
2217	95300	27691
2218	95393	27664
2219	95614	27650
2220	95675	27636
2221	95707	27623
2222	95870	27612
2223	95989	27595
2224	96040	27530
2225	96133	27503
2226	96150	27491
2227	96354	27489
2228	96415	27475
2229	96447	27462
2230	96464	27450
2231	96640	27428
2232	96798	27381
2233	96890	27330
2234	97204	27289
2235	97256	27248
2236	97386	27204
2237	97651	27188
2238	97700	27163
2239	97731	27103
2240	97996	27087
2241	98045	27062
2242	98126	27043
2243	98379	27036
2244	98440	27002
2245	98471	26942
2246	98740	26935
2247	98785	26901
2248	99054	26894
2249	99119	26875
2250	99276	26866
2251	99387	26801
2252	99480	26774
2253	99701	26760
2254	99794	26733
2255	100128	26707
2256	100200	26684
2257	100297	26667
2258	100330	26640
2259	100493	26620
2260	100604	26609
2261	100675	26539
2262	100940	26523
2263	101009	26513
2264	101037	26506
2265	101070	26479
2266	101233	26459
2267	101304	26442
2268	101320	26423
2269	101415	26378
2270	101684	26371
2271	101715	26363
2272	101749	26352
2273	101906	26343
2274	102013	26341
2275	102044	26281
2276	102060	26262
2277	102329	26255
2278	102331	26237
2279	102394	26236
2280	102424	26210
2281	102705	26196
2282	102758	26184
2283	102915	26175
2284	102938	26171
2285	102960	26140
2286	102976	26121
2287	103053	26113
2288	103069	26094
2289	103367	26072
2290	103403	26068
2291	103548	26045
2292	103738	26030
2293	103777	26015
2294	103870	26006
2295	103886	25987
2296	103943	25985
2297	103981	25942
2298	104193	25929
2299	104288	25884
2300	104502	25861
2301	104517	25854
2302	104595	25834
2303	104626	25826
2304	104917	25787
2305	104933	25768
2306	105131	25764
2307	105146	25757
2308	105147	25745
2309	105162	25738
2310	105224	25737
2311	105240	25718
2312	105242	25700
2313	105335	25673
2314	105669	25647
2315	105826	25638
2316	105849	25627
2317	105871	25603
2318	105887	25584
2319	105964	25576
2320	105980	25557
2321	106278	25535
2322	106314	25531
2323	106471	25522
2324	106556	25520
2325	106592	25519
2326	106612	25509
2327	106649	25493
2328	106854	25448
2329	107144	25430
2330	107188	25422
2331	107235	25412
2332	107237	25403
2333	107375	25367
2334	107390	25360
2335	107468	25340
2336	107499	25332
2337	107797	25310
2338	107833	25306
2339	107880	25296
2340	107933	25287
2341	108004	25270
2342	108019	25263
2343	108020	25251
2344	108035	25244
2345	108097	25243
2346	108113	25224
2347	108115	25206
2348	108208	25179
2349	108542	25153
2350	108699	25144
2351	108744	25109
2352	108760	25090
2353	108837	25082
2354	108853	25063
2355	109151	25041
2356	109187	25037
2357	109344	25028
2358	109429	25026
2359	109465	25025
2360	109485	25015
2361	109522	24999
2362	109731	24972
2363	110001	24955
2364	110017	24936
2365	110094	24928
2366	110110	24909
2367	110267	24902
2368	110283	24883
2369	110360	24875
2370	110376	24856
2371	110674	24834
2372	110822	24812
2373	110921	24803
2374	111126	24797
2375	111142	24778
2376	111255	24777
2377	111398	24775
2378	111412	24768
2379	111440	24756
2380	111476	24752
2381	111483	24747
2382	111576	24720
2383	111685	24717
2384	111688	24682
2385	111781	24655
2386	111880	24646
2387	112102	24644
2388	112115	24629
2389	112205	24623
2390	112214	24620
2391	112221	24604
2392	112444	24596
2393	112450	24591
2394	112519	24582
2395	112555	24578
2396	112665	24571
2397	112712	24569
2398	112797	24567
2399	112833	24566
2400	112853	24556
2401	112890	24540
2402	112945	24528
2403	113038	24501
2404	113137	24492
2405	113211	24475
2406	113304	24448
2407	113403	24439
2408	113619	24427
2409	113651	24424
2410	113718	24418
2411	113728	24416
2412	113744	24397
2413	113977	24392
2414	114042	24375
2415	114070	24370
2416	114169	24361
2417	114190	24353
2418	114289	24344
2419	114494	24338
2420	114503	24335
2421	114510	24319
2422	114623	24318
2423	114639	24285
2424	114732	24258
2425	114831	24249
2426	115056	24223
2427	115149	24196
2428	115248	24187
2429	115470	24185
2430	115483	24170
2431	115582	24161
2432	115692	24154
2433	115713	24146
2434	115812	24137
2435	115818	24132
2436	115917	24123
2437	116033	24112
2438	116133	24111
2439	116232	24102
2440	116287	24099
2441	116313	24069
2442	116406	24042
2443	116505	24033
2444	116579	24016
2445	116672	23989
2446	116771	23980
2447	116987	23968
2448	117086	23959
2449	117141	23956
2450	117240	23947
2451	117246	23942
2452	117345	23933
2453	117438	23911
2454	117537	23902
2455	117772	23885
2456	117871	23876
2457	118002	23861
2458	118007	23826
2459	118100	23799
2460	118199	23790
2461	118602	23784
2462	118695	23757
2463	118794	23748
2464	118868	23731
2465	118961	23704
2466	119060	23695
2467	119276	23683
2468	119375	23674
2469	119638	23656
2470	119731	23629
2471	119915	23623
2472	120014	23614
2473	120217	23597
2474	120316	23588
2475	120326	23587
2476	120499	23561
2477	120592	23534
2478	120776	23528
2479	120875	23519
2480	120907	23508
2481	121006	23499
2482	121177	23493
2483	121393	23481
2484	121453	23480
2485	121492	23472
2486	121502	23466
2487	121546	23453
2488	121750	23432
2489	121768	23413
2490	121867	23404
2491	122083	23392
2492	122182	23383
2493	122345	23374
2494	122407	23358
2495	122520	23357
2496	122538	23338
2497	122641	23323
2498	122740	23314
2499	122956	23302
2500	123055	23293
2501	123206	23279
2502	123381	23262
2503	123399	23243
2504	123583	23237
2505	123682	23228
2506	123714	23222
2507	123885	23211
2508	123984	23202
2509	124160	23198
2510	124200	23190
2511	124272	23153
2512	124456	23147
2513	124555	23138
2514	124587	23132
2515	124727	23131
2516	124758	23121
2517	124857	23112
2518	125021	23103
2519	125073	23100
2520	125152	23083
2521	125214	23067
2522	125497	23056
2523	125516	23041
2524	125700	23035
2525	125799	23026
2526	125831	23020
2527	125954	23014
2528	125995	23007
2529	126013	22988
2530	126087	22977
2531	126242	22975
2532	126328	22967
2533	126358	22961
2534	126389	22951
2535	126573	22945
2536	126672	22936
2537	126704	22930
2538	126844	22929
2539	126886	22898
2540	127196	22894
2541	127201	22877
2542	127331	22865
2543	127529	22862
2544	127596	22857
2545	127614	22854
2546	127646	22844
2547	127769	22838
2548	127810	22831
2549	127828	22812
2550	128057	22799
2551	128130	22786
2552	128204	22775
2553	128359	22773
2554	128445	22765
2555	128475	22759
2556	128519	22754
2557	128674	22752
2558	128701	22722
2559	128856	22720
2560	128972	22706
2561	129003	22696
2562	129227	22687
2563	129287	22685
2564	129318	22675
2565	129510	22672
2566	129542	22666
2567	129646	22660
2568	129713	22655
2569	129810	22639
2570	129851	22622
2571	129945	22610
2572	130134	22607
2573	130166	22601
2574	130174	22597
2575	130260	22589
2576	130289	22588
2577	130436	22581
2578	130471	22575
2579	130572	22573
2580	130578	22571
2581	130604	22567
2582	130671	22544
2583	130793	22536
2584	130818	22520
2585	130973	22518
2586	131042	22511
2587	131089	22504
2588	131133	22499
2589	131288	22497
2590	131313	22495
2591	131344	22485
2592	131404	22483
2593	131528	22479
2594	131574	22476
2595	131592	22457
2596	131666	22446
2597	131821	22444
2598	131841	22432
2599	131937	22430
2600	131968	22420
2601	132104	22412
2602	132156	22411
2603	132251	22405
2604	132283	22399
2605	132375	22396
2606	132419	22391
2607	132465	22367
2608	132765	22365
2609	132775	22363
2610	132780	22346
2611	132788	22342
2612	132910	22334
2613	133012	22333
2614	133085	22320
2615	133159	22309
2616	133314	22307
2617	133389	22300
2618	133400	22299
2619	133407	22281
2620	133636	22268
2621	133656	22256
2622	133709	22255
2623	133783	22244
2624	133927	22240
2625	133958	22230
2626	134054	22228
2627	134098	22223
2628	134242	22219
2629	134273	22209
2630	134280	22191
2631	134435	22189
2632	134551	22175
2633	134582	22165
2634	134866	22154
2635	134897	22144
2636	135129	22131
2637	135215	22123
2638	135244	22122
2639	135389	22108
2640	135506	22098
2641	135524	22079
2642	135626	22078
2643	135753	22066
2644	135773	22054
2645	135928	22052
2646	136044	22038
2647	136088	22033
2648	136243	22031
2649	136250	22013
2650	136397	21989
2651	136552	21987
2652	136668	21973
2653	136712	21968
2654	136867	21966
2655	136983	21952
2656	137059	21946
2657	137214	21944
2658	137330	21930
2659	137374	21925
2660	137506	21906
2661	137536	21905
2662	137650	21903
2663	137683	21881
2664	137743	21876
2665	137954	21865
2666	137998	21860
2667	138058	21855
2668	138269	21844
2669	138274	21838
2670	138367	21811
2671	138682	21790
2672	139029	21768
2673	139344	21747
2674	139560	21730
2675	139653	21703
2676	139968	21682
2677	140281	21681
2678	140429	21677
2679	140520	21667
2680	140596	21660
2681	140835	21646
2682	140943	21638
2683	141182	21624
2684	141258	21617
2685	141474	21600
2686	141567	21573
2687	141806	21559
2688	141882	21552
2689	142121	21538
2690	142434	21537
2691	142577	21535
2692	142582	21533
2693	142749	21516
2694	143096	21494
2695	143411	21473
2696	143627	21456
2697	143720	21429
2698	144035	21408
2699	144496	21403
2700	144843	21385
2701	145158	21364
2702	145374	21347
2703	145467	21320
2704	145782	21299
2705	146095	21298
2706	146132	21297
2707	146243	21294
2708	146410	21277
2709	146447	21276
2710	146757	21255
2711	147072	21234
2712	147288	21217
2713	147381	21190
2714	147696	21169
2715	148157	21164
2716	148655	21162
2717	148822	21145
2718	149169	21123
2719	149484	21102
2720	149793	21058
2721	150108	21037
2722	150569	21032
2723	151254	21025
2724	151665	21017
2725	151744	21016
2726	151980	20996
2727	152142	20988
2728	152327	20977
2729	152457	20967
2730	152636	20933
2731	152951	20912
2732	153412	20907
2733	154125	20903
2734	154508	20892
2735	154587	20891
2736	154823	20871
2737	155284	20866
2738	155997	20862
2739	156459	20850
2740	156591	20843
2741	156906	20822
2742	157367	20817
2743	158080	20813
2744	158463	20802
2745	158542	20801
2746	158778	20781
2747	159239	20776
2748	159952	20772
2749	160414	20760
2750	160875	20755
2751	161588	20751
2752	165273	20749
