1	9390	81808
2	9391	81001
3	9394	80540
4	9397	79981
5	9400	79520
6	9403	79280
7	9406	78932
8	9409	78692
9	9416	78464
10	9419	78443
11	9421	78308
12	9422	78095
13	9424	77847
14	9427	77607
15	9434	77379
16	9437	77365
17	9441	77241
18	9443	77206
19	9444	77137
20	9450	76902
21	9457	76674
22	9460	76660
23	9464	76536
24	9466	76501
25	9467	76432
26	9472	76394
27	9473	76363
28	9474	76294
29	9476	76259
30	9478	76249
31	9481	76164
32	9483	76121
33	9485	76111
34	9487	76076
35	9488	75917
36	9492	75913
37	9495	75689
38	9499	75685
39	9502	75551
40	9504	75516
41	9506	75497
42	9511	75378
43	9513	75302
44	9515	75208
45	9520	75164
46	9521	75152
47	9522	74980
48	9529	74842
49	9530	74830
50	9531	74807
51	9534	74754
52	9537	74692
53	9538	74669
54	9539	74657
55	9541	74616
56	9543	74578
57	9546	74519
58	9549	74497
59	9550	74350
60	9556	74281
61	9557	74212
62	9558	74200
63	9559	74177
64	9563	74143
65	9564	74131
66	9565	74062
67	9566	74039
68	9567	74027
69	9571	73993
70	9572	73927
71	9574	73889
72	9577	73867
73	9579	73789
74	9580	73777
75	9581	73736
76	9584	73701
77	9586	73694
78	9587	73639
79	9588	73508
80	9596	73358
81	9597	73335
82	9600	73282
83	9605	73185
84	9607	73159
85	9608	73147
86	9609	73106
87	9613	73090
88	9614	73078
89	9615	73009
90	9616	72878
91	9622	72809
92	9624	72728
93	9625	72705
94	9630	72659
95	9631	72636
96	9633	72555
97	9638	72455
98	9643	72395
99	9646	72305
100	9647	72282
101	9650	72229
102	9652	72222
103	9655	72132
104	9659	72053
105	9664	72013
106	9665	71972
107	9666	71825
108	9672	71756
109	9674	71675
110	9675	71652
111	9680	71606
112	9681	71583
113	9683	71502
114	9689	71433
115	9692	71383
116	9693	71342
117	9698	71314
118	9699	71273
119	9701	71192
120	9702	71169
121	9706	71110
122	9708	71100
123	9710	71019
124	9714	70960
125	9715	70937
126	9720	70934
127	9721	70876
128	9722	70746
129	9727	70708
130	9728	70677
131	9730	70596
132	9731	70573
133	9734	70480
134	9739	70423
135	9740	70411
136	9742	70330
137	9743	70307
138	9748	70261
139	9749	70238
140	9751	70157
141	9757	70088
142	9762	70031
143	9764	70021
144	9765	70001
145	9766	69940
146	9770	69881
147	9771	69858
148	9772	69854
149	9774	69828
150	9777	69797
151	9778	69785
152	9779	69708
153	9780	69704
154	9781	69681
155	9782	69633
156	9783	69629
157	9787	69612
158	9788	69607
159	9789	69531
160	9790	69401
161	9796	69332
162	9798	69251
163	9799	69228
164	9804	69182
165	9805	69159
166	9807	69078
167	9813	69009
168	9819	69003
169	9820	68955
170	9821	68922
171	9822	68899
172	9826	68886
173	9827	68853
174	9828	68775
175	9830	68749
176	9834	68616
177	9837	68602
178	9838	68554
179	9843	68533
180	9845	68452
181	9849	68429
182	9851	68383
183	9857	68287
184	9860	68273
185	9861	68225
186	9866	68204
187	9867	68199
188	9868	68123
189	9872	68100
190	9873	68097
191	9874	68005
192	9878	67979
193	9881	67894
194	9886	67871
195	9887	67777
196	9890	67537
197	9903	67414
198	9913	67208
199	9919	67182
200	9926	67085
201	9931	66979
202	9934	66900
203	9942	66853
204	9947	66777
205	9950	66701
206	9954	66650
207	9957	66571
208	9967	66527
209	9970	66448
210	9973	66372
211	9975	66342
212	9983	66295
213	9986	66249
214	9988	66219
215	9991	66143
216	9994	66064
217	9998	66013
218	10007	65941
219	10011	65890
220	10014	65814
221	10017	65735
222	10027	65691
223	10030	65612
224	10035	65506
225	10043	65459
226	10048	65383
227	10055	65347
228	10056	65336
229	10058	65177
230	10069	65130
231	10071	65054
232	10082	65007
233	10084	64974
234	10087	64901
235	10095	64854
236	10096	64789
237	10099	64757
238	10107	64645
239	10110	64572
240	10119	64568
241	10120	64522
242	10123	64449
243	10132	64445
244	10136	64363
245	10141	64358
246	10143	64346
247	10144	64322
248	10145	64257
249	10148	64184
250	10151	64152
251	10158	64134
252	10159	64040
253	10164	64029
254	10171	63963
255	10172	63917
256	10181	63913
257	10184	63840
258	10186	63837
259	10188	63758
260	10197	63652
261	10200	63620
262	10209	63575
263	10210	63529
264	10213	63497
265	10220	63431
266	10225	63420
267	10226	63370
268	10229	63338
269	10233	63308
270	10238	63232
271	10242	63215
272	10249	63149
273	10251	63109
274	10258	63043
275	10261	63011
276	10264	62968
277	10267	62950
278	10271	62920
279	10274	62888
280	10277	62845
281	10280	62827
282	10287	62761
283	10290	62729
284	10293	62686
285	10299	62623
286	10302	62580
287	10306	62563
288	10312	62500
289	10315	62457
290	10324	62453
291	10325	62359
292	10328	62341
293	10331	62298
294	10338	62236
295	10341	62218
296	10344	62175
297	10351	62144
298	10354	62077
299	10363	61971
300	10367	61954
301	10376	61848
302	10388	61820
303	10389	61756
304	10392	61689
305	10402	61634
306	10405	61566
307	10418	61474
308	10425	61463
309	10428	61442
310	10430	61419
311	10431	61352
312	10438	61340
313	10439	61331
314	10441	61319
315	10442	61288
316	10449	61264
317	10451	61221
318	10452	61208
319	10455	61165
320	10458	61158
321	10459	61137
322	10460	61115
323	10464	61098
324	10467	61088
325	10468	61049
326	10471	61006
327	10473	60992
328	10481	60926
329	10484	60883
330	10487	60876
331	10489	60833
332	10497	60821
333	10499	60778
334	10500	60753
335	10502	60710
336	10503	60679
337	10513	60661
338	10515	60618
339	10516	60556
340	10526	60539
341	10528	60496
342	10529	60464
343	10532	60397
344	10542	60342
345	10545	60274
346	10558	60182
347	10563	60154
348	10570	60127
349	10571	60060
350	10576	60031
351	10588	60003
352	10589	59939
353	10592	59872
354	10599	59845
355	10602	59817
356	10605	59749
357	10618	59657
358	10625	59631
359	10630	59602
360	10631	59535
361	10638	59523
362	10643	59510
363	10648	59509
364	10650	59455
365	10653	59423
366	10656	59388
367	10659	59320
368	10666	59300
369	10672	59228
370	10679	59208
371	10685	59106
372	10692	59086
373	10699	59027
374	10704	59026
375	10706	59015
376	10711	59006
377	10715	58988
378	10716	58985
379	10717	58934
380	10719	58917
381	10720	58871
382	10728	58866
383	10730	58812
384	10733	58779
385	10744	58733
386	10745	58703
387	10746	58657
388	10753	58645
389	10759	58624
390	10760	58578
391	10765	58577
392	10767	58566
393	10774	58556
394	10776	58539
395	10777	58536
396	10778	58485
397	10780	58468
398	10788	58442
399	10789	58417
400	10791	58363
401	10798	58351
402	10803	58338
403	10805	58284
404	10806	58254
405	10813	58242
406	10820	58175
407	10827	58163
408	10832	58128
409	10834	58123
410	10835	58107
411	10840	58090
412	10841	58044
413	10847	58028
414	10849	57993
415	10851	57985
416	10853	57925
417	10860	57905
418	10866	57876
419	10867	57830
420	10874	57818
421	10876	57808
422	10880	57797
423	10881	57751
424	10886	57699
425	10893	57679
426	10898	57631
427	10900	57620
428	10905	57611
429	10909	57578
430	10911	57544
431	10912	57536
432	10913	57522
433	10914	57476
434	10926	57457
435	10927	57427
436	10928	57397
437	10934	57357
438	10941	57348
439	10945	57326
440	10946	57296
441	10947	57250
442	10956	57237
443	10957	57236
444	10959	57182
445	10961	57171
446	10967	57127
447	10969	57093
448	10974	57073
449	10979	57063
450	10984	57022
451	10988	56994
452	10992	56956
453	10994	56954
454	10997	56930
455	11004	56902
456	11006	56877
457	11007	56847
458	11010	56808
459	11014	56799
460	11017	56780
461	11021	56768
462	11024	56729
463	11027	56724
464	11029	56690
465	11035	56649
466	11039	56638
467	11042	56636
468	11044	56619
469	11045	56573
470	11049	56570
471	11050	56550
472	11052	56516
473	11055	56514
474	11058	56481
475	11067	56469
476	11068	56423
477	11070	56405
478	11071	56359
479	11078	56347
480	11082	56344
481	11084	56326
482	11085	56280
483	11090	56266
484	11095	56246
485	11097	56222
486	11103	56187
487	11105	56170
488	11109	56167
489	11110	56147
490	11112	56113
491	11116	56065
492	11123	56053
493	11127	56050
494	11128	56020
495	11130	55986
496	11131	55956
497	11138	55944
498	11142	55941
499	11145	55877
500	11150	55863
501	11155	55852
502	11157	55830
503	11159	55825
504	11160	55809
505	11165	55792
506	11166	55746
507	11171	55723
508	11173	55689
509	11176	55687
510	11178	55627
511	11185	55599
512	11191	55578
513	11192	55532
514	11199	55520
515	11201	55504
516	11205	55499
517	11206	55453
518	11211	55401
519	11218	55369
520	11220	55335
521	11223	55333
522	11225	55322
523	11227	55319
524	11230	55305
525	11233	55286
526	11237	55238
527	11238	55224
528	11239	55178
529	11251	55143
530	11252	55129
531	11253	55099
532	11260	55089
533	11262	55055
534	11265	55041
535	11270	55028
536	11271	54998
537	11272	54952
538	11280	54932
539	11282	54916
540	11284	54884
541	11286	54873
542	11295	54868
543	11296	54849
544	11298	54805
545	11299	54775
546	11306	54772
547	11311	54740
548	11313	54696
549	11315	54686
550	11317	54652
551	11327	54622
552	11331	54579
553	11332	54549
554	11339	54542
555	11341	54508
556	11344	54506
557	11346	54470
558	11355	54465
559	11356	54456
560	11358	54427
561	11359	54397
562	11360	54351
563	11372	54316
564	11374	54272
565	11377	54249
566	11383	54228
567	11386	54214
568	11391	54201
569	11392	54171
570	11393	54125
571	11401	54105
572	11403	54089
573	11405	54057
574	11407	54046
575	11417	54022
576	11419	53978
577	11420	53948
578	11432	53913
579	11434	53869
580	11436	53859
581	11438	53825
582	11448	53795
583	11452	53752
584	11453	53722
585	11463	53686
586	11467	53643
587	11477	53629
588	11479	53613
589	11481	53565
590	11483	53531
591	11493	53513
592	11494	53504
593	11496	53456
594	11498	53422
595	11510	53403
596	11515	53364
597	11517	53330
598	11523	53325
599	11530	53299
600	11533	53270
601	11536	53253
602	11538	53219
603	11545	53190
604	11551	53144
605	11553	53110
606	11563	53096
607	11565	53084
608	11567	53075
609	11571	53042
610	11572	53011
611	11580	52985
612	11581	52979
613	11582	52966
614	11584	52943
615	11588	52932
616	11594	52904
617	11596	52870
618	11598	52868
619	11599	52834
620	11603	52823
621	11604	52816
622	11613	52759
623	11617	52717
624	11627	52703
625	11631	52691
626	11632	52608
627	11642	52594
628	11646	52585
629	11647	52576
630	11649	52563
631	11651	52536
632	11654	52505
633	11660	52477
634	11664	52461
635	11665	52437
636	11666	52427
637	11673	52413
638	11675	52368
639	11677	52365
640	11685	52335
641	11686	52331
642	11687	52329
643	11689	52307
644	11690	52304
645	11692	52270
646	11697	52257
647	11698	52211
648	11704	52198
649	11708	52187
650	11709	52185
651	11710	52139
652	11720	52103
653	11722	52071
654	11725	52034
655	11735	52006
656	11737	51962
657	11743	51917
658	11751	51904
659	11753	51899
660	11754	51893
661	11755	51845
662	11758	51808
663	11768	51794
664	11770	51736
665	11780	51722
666	11781	51716
667	11782	51712
668	11783	51702
669	11784	51678
670	11786	51677
671	11793	51644
672	11794	51640
673	11796	51606
674	11798	51605
675	11799	51599
676	11801	51568
677	11808	51538
678	11809	51535
679	11811	51501
680	11813	51496
681	11814	51490
682	11819	51479
683	11821	51463
684	11823	51429
685	11826	51418
686	11829	51384
687	11836	51355
688	11839	51346
689	11841	51312
690	11842	51309
691	11844	51275
692	11854	51237
693	11856	51203
694	11865	51184
695	11869	51178
696	11870	51156
697	11871	51150
698	11872	51144
699	11875	51137
700	11877	51116
701	11878	51108
702	11879	51106
703	11882	51066
704	11887	51035
705	11889	51033
706	11892	51007
707	11893	50999
708	11894	50998
709	11897	50997
710	11899	50963
711	11901	50961
712	11904	50924
713	11909	50889
714	11916	50852
715	11923	50849
716	11925	50781
717	11927	50772
718	11935	50767
719	11936	50759
720	11937	50758
721	11941	50732
722	11942	50663
723	11952	50649
724	11956	50623
725	11959	50612
726	11961	50604
727	11964	50575
728	11968	50541
729	11970	50532
730	11977	50500
731	11979	50466
732	11985	50423
733	11997	50408
734	11998	50395
735	11999	50383
736	12000	50376
737	12002	50371
738	12004	50364
739	12006	50341
740	12007	50335
741	12009	50325
742	12011	50296
743	12014	50290
744	12016	50272
745	12017	50262
746	12020	50260
747	12021	50253
748	12022	50226
749	12024	50224
750	12025	50218
751	12028	50178
752	12032	50173
753	12039	50115
754	12043	50101
755	12044	50070
756	12047	50064
757	12054	50056
758	12056	50002
759	12058	49992
760	12061	49952
761	12071	49893
762	12073	49884
763	12082	49875
764	12084	49867
765	12086	49861
766	12087	49830
767	12088	49775
768	12099	49762
769	12101	49752
770	12103	49744
771	12104	49667
772	12106	49658
773	12114	49653
774	12116	49644
775	12119	49636
776	12121	49549
777	12131	49535
778	12136	49518
779	12144	49516
780	12145	49494
781	12147	49427
782	12149	49418
783	12161	49403
784	12162	49376
785	12164	49309
786	12176	49294
787	12178	49285
788	12179	49278
789	12187	49276
790	12188	49254
791	12190	49245
792	12192	49231
793	12193	49176
794	12204	49163
795	12205	49136
796	12209	49068
797	12211	49059
798	12219	49054
799	12221	49045
800	12224	49037
801	12226	48950
802	12236	48936
803	12241	48919
804	12250	48895
805	12252	48828
806	12254	48819
807	12267	48777
808	12269	48710
809	12284	48679
810	12293	48655
811	12295	48646
812	12298	48636
813	12308	48595
814	12310	48537
815	12323	48488
816	12324	48487
817	12325	48479
818	12326	48478
819	12331	48463
820	12338	48457
821	12340	48370
822	12341	48369
823	12351	48355
824	12355	48339
825	12359	48334
826	12360	48277
827	12366	48248
828	12367	48247
829	12368	48239
830	12369	48238
831	12381	48197
832	12383	48130
833	12384	48129
834	12398	48099
835	12402	48094
836	12403	48037
837	12418	48019
838	12423	48016
839	12424	47957
840	12428	47936
841	12438	47907
842	12440	47898
843	12443	47874
844	12447	47860
845	12451	47854
846	12453	47842
847	12454	47837
848	12455	47789
849	12461	47779
850	12464	47778
851	12466	47770
852	12468	47736
853	12471	47696
854	12473	47685
855	12479	47669
856	12481	47667
857	12483	47658
858	12488	47633
859	12490	47624
860	12494	47614
861	12496	47602
862	12497	47597
863	12498	47549
864	12505	47515
865	12511	47496
866	12514	47479
867	12516	47445
868	12522	47429
869	12530	47421
870	12531	47393
871	12533	47337
872	12543	47323
873	12547	47322
874	12548	47275
875	12561	47206
876	12569	47179
877	12576	47097
878	12584	47070
879	12594	47056
880	12602	47053
881	12603	47043
882	12604	46987
883	12612	46939
884	12619	46935
885	12627	46830
886	12645	46813
887	12646	46803
888	12647	46757
889	12660	46756
890	12661	46742
891	12662	46695
892	12674	46693
893	12675	46626
894	12683	46599
895	12690	46517
896	12698	46490
897	12717	46463
898	12718	46407
899	12726	46359
900	12741	46250
901	12760	46223
902	12768	46196
903	12786	46194
904	12787	46189
905	12788	46113
906	12794	46090
907	12800	46088
908	12804	46063
909	12811	45956
910	12830	45932
911	12841	45903
912	12843	45856
913	12845	45823
914	12860	45815
915	12864	45796
916	12871	45785
917	12873	45751
918	12880	45732
919	12883	45708
920	12885	45685
921	12888	45684
922	12901	45609
923	12903	45575
924	12913	45562
925	12915	45529
926	12920	45528
927	12930	45521
928	12934	45507
929	12941	45491
930	12943	45457
931	12947	45429
932	12956	45406
933	12966	45388
934	12971	45315
935	12973	45281
936	12988	45268
937	12989	45258
938	12990	45234
939	12998	45211
940	13005	45181
941	13007	45148
942	13017	45135
943	13022	45134
944	13024	45101
945	13030	45097
946	13035	45074
947	13039	45052
948	13043	45022
949	13045	44988
950	13056	44951
951	13058	44917
952	13075	44887
953	13077	44854
954	13082	44851
955	13088	44837
956	13090	44803
957	13102	44784
958	13103	44728
959	13105	44694
960	13126	44657
961	13128	44623
962	13146	44622
963	13147	44594
964	13149	44561
965	13152	44557
966	13160	44523
967	13162	44490
968	13173	44434
969	13175	44400
970	13194	44376
971	13199	44361
972	13202	44352
973	13205	44334
974	13207	44300
975	13209	44267
976	13228	44263
977	13230	44229
978	13232	44196
979	13245	44186
980	13247	44152
981	13249	44129
982	13264	44096
983	13272	44080
984	13275	44040
985	13277	44006
986	13279	43973
987	13298	43951
988	13303	43934
989	13306	43925
990	13309	43907
991	13311	43873
992	13330	43859
993	13332	43836
994	13334	43802
995	13342	43786
996	13349	43758
997	13351	43735
998	13353	43702
999	13366	43691
1000	13368	43657
1001	13379	43613
1002	13381	43579
1003	13400	43558
1004	13402	43524
1005	13416	43515
1006	13423	43487
1007	13425	43453
1008	13438	43443
1009	13440	43409
1010	13442	43386
1011	13453	43342
1012	13455	43308
1013	13470	43264
1014	13472	43230
1015	13496	43191
1016	13499	43182
1017	13511	43161
1018	13514	43138
1019	13523	43116
1020	13525	43113
1021	13531	43086
1022	13542	43066
1023	13544	42993
1024	13546	42959
1025	13570	42920
1026	13572	42910
1027	13585	42890
1028	13596	42884
1029	13597	42875
1030	13598	42850
1031	13599	42842
1032	13605	42815
1033	13614	42797
1034	13619	42795
1035	13620	42759
1036	13622	42725
1037	13627	42719
1038	13639	42707
1039	13640	42683
1040	13645	42678
1041	13646	42639
1042	13655	42630
1043	13664	42624
1044	13670	42613
1045	13671	42593
1046	13672	42579
1047	13676	42575
1048	13677	42546
1049	13687	42535
1050	13688	42526
1051	13689	42501
1052	13696	42466
1053	13701	42448
1054	13714	42412
1055	13718	42370
1056	13729	42359
1057	13738	42353
1058	13743	42351
1059	13744	42325
1060	13745	42317
1061	13746	42281
1062	13751	42275
1063	13761	42264
1064	13763	42230
1065	13768	42197
1066	13779	42186
1067	13790	42178
1068	13792	42099
1069	13814	42054
1070	13819	42046
1071	13820	42010
1072	13833	42009
1073	13834	42002
1074	13836	41968
1075	13842	41926
1076	13858	41909
1077	13867	41876
1078	13868	41865
1079	13870	41837
1080	13888	41783
1081	13896	41776
1082	13903	41769
1083	13904	41759
1084	13906	41725
1085	13910	41697
1086	13918	41692
1087	13920	41660
1088	13932	41638
1089	13935	41616
1090	13937	41582
1091	13959	41575
1092	13961	41543
1093	13964	41534
1094	13967	41532
1095	13971	41517
1096	13973	41516
1097	13976	41513
1098	13978	41488
1099	13980	41454
1100	13994	41420
1101	13995	41410
1102	13997	41376
1103	14009	41345
1104	14011	41311
1105	14032	41280
1106	14035	41272
1107	14038	41267
1108	14041	41258
1109	14045	41246
1110	14047	41245
1111	14049	41233
1112	14054	41211
1113	14069	41139
1114	14071	41105
1115	14081	41096
1116	14087	41077
1117	14095	41066
1118	14098	41061
1119	14105	41057
1120	14106	41009
1121	14112	40996
1122	14115	40987
1123	14123	40962
1124	14132	40942
1125	14138	40918
1126	14140	40884
1127	14147	40871
1128	14155	40825
1129	14170	40824
1130	14172	40790
1131	14182	40775
1132	14187	40756
1133	14191	40753
1134	14196	40751
1135	14204	40705
1136	14206	40671
1137	14212	40647
1138	14214	40613
1139	14238	40574
1140	14241	40569
1141	14253	40544
1142	14264	40534
1143	14265	40527
1144	14267	40518
1145	14268	40507
1146	14272	40500
1147	14276	40493
1148	14279	40461
1149	14281	40427
1150	14285	40402
1151	14290	40379
1152	14306	40351
1153	14310	40333
1154	14313	40332
1155	14315	40298
1156	14337	40273
1157	14338	40256
1158	14341	40241
1159	14342	40236
1160	14346	40229
1161	14355	40227
1162	14356	40178
1163	14364	40170
1164	14366	40151
1165	14373	40114
1166	14382	40084
1167	14384	40050
1168	14402	40038
1169	14407	40036
1170	14408	40011
1171	14411	39947
1172	14432	39944
1173	14436	39921
1174	14438	39887
1175	14447	39843
1176	14462	39820
1177	14470	39818
1178	14475	39809
1179	14476	39767
1180	14483	39698
1181	14485	39664
1182	14509	39625
1183	14517	39595
1184	14536	39588
1185	14541	39556
1186	14551	39544
1187	14560	39518
1188	14561	39468
1189	14563	39434
1190	14587	39395
1191	14592	39350
1192	14601	39328
1193	14619	39306
1194	14628	39284
1195	14631	39281
1196	14634	39247
1197	14635	39236
1198	14637	39202
1199	14646	39180
1200	14661	39163
1201	14668	39116
1202	14677	39094
1203	14686	39067
1204	14693	39035
1205	14702	39013
1206	14713	39006
1207	14715	38972
1208	14724	38950
1209	14734	38944
1210	14739	38933
1211	14747	38903
1212	14754	38878
1213	14756	38844
1214	14764	38825
1215	14780	38805
1216	14786	38785
1217	14795	38763
1218	14796	38756
1219	14805	38742
1220	14814	38720
1221	14820	38717
1222	14823	38714
1223	14825	38713
1224	14827	38679
1225	14832	38648
1226	14834	38614
1227	14838	38605
1228	14847	38583
1229	14858	38575
1230	14867	38554
1231	14876	38532
1232	14890	38523
1233	14894	38516
1234	14899	38485
1235	14906	38416
1236	14908	38382
1237	14917	38360
1238	14932	38343
1239	14941	38321
1240	14951	38309
1241	14955	38274
1242	14964	38252
1243	14984	38186
1244	14986	38152
1245	14995	38130
1246	15010	38113
1247	15019	38091
1248	15033	38039
1249	15035	38005
1250	15059	37966
1251	15063	37959
1252	15069	37954
1253	15071	37952
1254	15072	37937
1255	15077	37934
1256	15080	37930
1257	15085	37903
1258	15094	37894
1259	15095	37890
1260	15098	37859
1261	15107	37837
1262	15120	37823
1263	15122	37820
1264	15125	37801
1265	15126	37787
1266	15134	37779
1267	15148	37777
1268	15150	37747
1269	15156	37741
1270	15157	37732
1271	15159	37725
1272	15162	37710
1273	15170	37703
1274	15175	37666
1275	15181	37643
1276	15183	37621
1277	15187	37617
1278	15189	37583
1279	15198	37561
1280	15213	37544
1281	15222	37522
1282	15232	37510
1283	15237	37478
1284	15246	37456
1285	15257	37414
1286	15266	37392
1287	15278	37325
1288	15287	37303
1289	15307	37299
1290	15308	37298
1291	15312	37274
1292	15321	37252
1293	15325	37198
1294	15334	37176
1295	15356	37165
1296	15358	37163
1297	15359	37147
1298	15363	37143
1299	15364	37129
1300	15368	37125
1301	15369	37121
1302	15373	37107
1303	15377	37076
1304	15387	37040
1305	15396	37018
1306	15408	37006
1307	15419	36994
1308	15421	36989
1309	15424	36949
1310	15437	36905
1311	15446	36883
1312	15461	36798
1313	15470	36776
1314	15495	36747
1315	15504	36725
1316	15522	36723
1317	15525	36722
1318	15530	36720
1319	15531	36701
1320	15533	36696
1321	15536	36656
1322	15545	36635
1323	15551	36626
1324	15554	36613
1325	15560	36549
1326	15593	36543
1327	15594	36498
1328	15613	36407
1329	15622	36385
1330	15647	36356
1331	15656	36334
1332	15683	36316
1333	15686	36216
1334	15695	36194
1335	15712	36158
1336	15729	36143
1337	15746	36107
1338	15765	36075
1339	15770	36053
1340	15776	36046
1341	15779	36031
1342	15785	35967
1343	15819	35916
1344	15827	35896
1345	15836	35874
1346	15858	35857
1347	15859	35797
1348	15868	35775
1349	15893	35746
1350	15902	35724
1351	15920	35711
1352	15926	35647
1353	15943	35634
1354	15949	35627
1355	15952	35612
1356	15957	35608
1357	15958	35548
1358	15979	35505
1359	15988	35483
1360	16013	35454
1361	16022	35432
1362	16038	35426
1363	16042	35385
1364	16048	35378
1365	16052	35314
1366	16061	35292
1367	16078	35256
1368	16095	35241
1369	16112	35205
1370	16131	35173
1371	16136	35151
1372	16142	35144
1373	16145	35129
1374	16151	35065
1375	16185	35014
1376	16211	35007
1377	16216	35006
1378	16221	35000
1379	16224	34955
1380	16225	34895
1381	16234	34873
1382	16259	34844
1383	16268	34822
1384	16295	34806
1385	16304	34754
1386	16309	34732
1387	16315	34725
1388	16318	34710
1389	16323	34706
1390	16324	34646
1391	16358	34595
1392	16387	34590
1393	16394	34584
1394	16399	34562
1395	16404	34524
1396	16408	34483
1397	16414	34476
1398	16438	34473
1399	16441	34424
1400	16452	34422
1401	16464	34421
1402	16474	34410
1403	16475	34373
1404	16478	34354
1405	16487	34332
1406	16498	34313
1407	16512	34303
1408	16515	34254
1409	16524	34232
1410	16549	34203
1411	16554	34194
1412	16558	34181
1413	16571	34169
1414	16575	34157
1415	16577	34105
1416	16595	34096
1417	16599	34091
1418	16605	34084
1419	16608	34069
1420	16611	34054
1421	16614	34005
1422	16648	33954
1423	16661	33942
1424	16667	33935
1425	16674	33908
1426	16691	33886
1427	16698	33842
1428	16704	33835
1429	16728	33795
1430	16732	33791
1431	16742	33781
1432	16750	33779
1433	16751	33772
1434	16758	33745
1435	16762	33744
1436	16764	33738
1437	16775	33723
1438	16781	33716
1439	16784	33701
1440	16788	33672
1441	16790	33637
1442	16812	33628
1443	16818	33625
1444	16822	33620
1445	16824	33586
1446	16846	33577
1447	16848	33575
1448	16856	33569
1449	16859	33547
1450	16863	33541
1451	16868	33531
1452	16872	33526
1453	16874	33474
1454	16880	33467
1455	16887	33440
1456	16908	33423
1457	16918	33413
1458	16921	33389
1459	16943	33384
1460	16947	33378
1461	16952	33362
1462	16958	33361
1463	16962	33356
1464	16963	33311
1465	16964	33304
1466	16971	33277
1467	16977	33270
1468	16988	33260
1469	17002	33250
1470	17005	33226
1471	17015	33216
1472	17022	33209
1473	17036	33199
1474	17041	33197
1475	17042	33178
1476	17049	33165
1477	17053	33141
1478	17060	33114
1479	17061	33107
1480	17072	33097
1481	17078	33090
1482	17079	33078
1483	17085	33063
1484	17099	33053
1485	17105	33046
1486	17113	33027
1487	17118	33014
1488	17119	33012
1489	17132	33008
1490	17133	33002
1491	17139	32981
1492	17149	32969
1493	17150	32944
1494	17161	32934
1495	17162	32927
1496	17163	32915
1497	17168	32895
1498	17175	32893
1499	17188	32890
1500	17189	32883
1501	17192	32873
1502	17193	32868
1503	17197	32864
1504	17202	32844
1505	17222	32839
1506	17223	32818
1507	17227	32817
1508	17229	32811
1509	17232	32804
1510	17236	32787
1511	17243	32779
1512	17246	32772
1513	17247	32762
1514	17252	32732
1515	17255	32710
1516	17265	32698
1517	17282	32692
1518	17286	32681
1519	17289	32659
1520	17294	32646
1521	17316	32641
1522	17320	32624
1523	17324	32620
1524	17326	32617
1525	17328	32595
1526	17333	32590
1527	17339	32547
1528	17345	32540
1529	17349	32535
1530	17352	32513
1531	17373	32496
1532	17378	32483
1533	17384	32476
1534	17386	32462
1535	17391	32449
1536	17412	32432
1537	17417	32427
1538	17423	32420
1539	17425	32398
1540	17428	32384
1541	17429	32377
1542	17436	32350
1543	17442	32343
1544	17462	32333
1545	17467	32320
1546	17468	32313
1547	17470	32299
1548	17475	32286
1549	17481	32279
1550	17500	32268
1551	17506	32264
1552	17507	32257
1553	17509	32235
1554	17518	32214
1555	17525	32187
1556	17526	32180
1557	17544	32159
1558	17557	32150
1559	17559	32135
1560	17564	32123
1561	17565	32116
1562	17574	32114
1563	17578	32108
1564	17583	32095
1565	17586	32094
1566	17593	32084
1567	17598	32072
1568	17599	32070
1569	17608	32063
1570	17613	32050
1571	17615	32017
1572	17628	31996
1573	17634	31989
1574	17647	31979
1575	17648	31972
1576	17649	31965
1577	17654	31953
1578	17658	31951
1579	17662	31945
1580	17664	31944
1581	17667	31932
1582	17673	31925
1583	17676	31924
1584	17682	31921
1585	17686	31915
1586	17687	31914
1587	17688	31907
1588	17689	31900
1589	17697	31887
1590	17701	31881
1591	17703	31880
1592	17707	31877
1593	17708	31865
1594	17710	31860
1595	17715	31852
1596	17716	31849
1597	17717	31833
1598	17718	31826
1599	17719	31821
1600	17725	31819
1601	17729	31809
1602	17733	31805
1603	17736	31804
1604	17738	31802
1605	17742	31797
1606	17747	31788
1607	17748	31780
1608	17753	31770
1609	17756	31769
1610	17757	31762
1611	17758	31757
1612	17759	31756
1613	17764	31755
1614	17767	31754
1615	17769	31750
1616	17771	31741
1617	17773	31730
1618	17782	31729
1619	17784	31717
1620	17788	31715
1621	17790	31714
1622	17792	31706
1623	17793	31705
1624	17798	31695
1625	17800	31689
1626	17805	31682
1627	17807	31663
1628	17809	31651
1629	17816	31624
1630	17834	31621
1631	17837	31617
1632	17838	31610
1633	17840	31608
1634	17841	31592
1635	17845	31572
1636	17855	31560
1637	17856	31559
1638	17874	31546
1639	17875	31541
1640	17879	31521
1641	17883	31516
1642	17885	31507
1643	17895	31501
1644	17897	31492
1645	17902	31450
1646	17919	31441
1647	17930	31438
1648	17931	31422
1649	17935	31402
1650	17936	31399
1651	17938	31395
1652	17942	31375
1653	17967	31343
1654	17975	31337
1655	17976	31324
1656	17980	31319
1657	17982	31310
1658	17992	31280
1659	18007	31278
1660	18008	31270
1661	18009	31267
1662	18011	31261
1663	18016	31259
1664	18024	31221
1665	18032	31205
1666	18056	31204
1667	18057	31173
1668	18058	31170
1669	18064	31146
1670	18072	31140
1671	18083	31136
1672	18087	31132
1673	18088	31125
1674	18094	31096
1675	18098	31095
1676	18101	31091
1677	18102	31090
1678	18104	31081
1679	18106	31070
1680	18114	31051
1681	18127	31048
1682	18128	31045
1683	18130	31041
1684	18131	31038
1685	18134	31021
1686	18140	31019
1687	18146	31016
1688	18154	30976
1689	18164	30975
1690	18168	30970
1691	18172	30965
1692	18174	30956
1693	18184	30926
1694	18192	30920
1695	18194	30911
1696	18196	30900
1697	18206	30898
1698	18216	30867
1699	18224	30851
1700	18228	30841
1701	18238	30840
1702	18249	30819
1703	18250	30816
1704	18251	30814
1705	18256	30792
1706	18262	30790
1707	18264	30786
1708	18272	30781
1709	18274	30765
1710	18283	30764
1711	18286	30756
1712	18287	30744
1713	18289	30740
1714	18292	30738
1715	18293	30737
1716	18294	30736
1717	18295	30734
1718	18296	30713
1719	18302	30707
1720	18306	30697
1721	18318	30671
1722	18328	30670
1723	18330	30662
1724	18335	30649
1725	18346	30622
1726	18353	30620
1727	18358	30615
1728	18362	30611
1729	18364	30609
1730	18365	30596
1731	18370	30593
1732	18371	30583
1733	18376	30581
1734	18377	30574
1735	18384	30566
1736	18386	30543
1737	18392	30537
1738	18405	30532
1739	18410	30530
1740	18411	30528
1741	18412	30523
1742	18413	30514
1743	18419	30513
1744	18420	30487
1745	18425	30479
1746	18437	30469
1747	18438	30462
1748	18443	30460
1749	18444	30441
1750	18454	30436
1751	18455	30426
1752	18460	30420
1753	18461	30413
1754	18462	30399
1755	18477	30393
1756	18478	30390
1757	18481	30374
1758	18484	30366
1759	18488	30359
1760	18489	30356
1761	18494	30353
1762	18496	30348
1763	18507	30344
1764	18510	30317
1765	18517	30315
1766	18522	30308
1767	18523	30305
1768	18524	30301
1769	18527	30295
1770	18534	30271
1771	18545	30266
1772	18549	30260
1773	18550	30250
1774	18552	30229
1775	18569	30222
1776	18574	30196
1777	18578	30189
1778	18579	30186
1779	18584	30183
1780	18586	30159
1781	18608	30158
1782	18611	30134
1783	18612	30133
1784	18614	30131
1785	18617	30125
1786	18620	30108
1787	18636	30087
1788	18641	30081
1789	18647	30072
1790	18648	30061
1791	18653	30059
1792	18654	30045
1793	18669	30039
1794	18670	30036
1795	18673	30020
1796	18676	29989
1797	18701	29956
1798	18715	29951
1799	18716	29947
1800	18719	29945
1801	18724	29933
1802	18726	29917
1803	18731	29911
1804	18735	29905
1805	18736	29893
1806	18738	29884
1807	18744	29875
1808	18765	29841
1809	18771	29832
1810	18778	29805
1811	18791	29786
1812	18803	29780
1813	18804	29779
1814	18806	29777
1815	18812	29754
1816	18826	29723
1817	18828	29714
1818	18840	29707
1819	18849	29705
1820	18855	29671
1821	18862	29644
1822	18868	29635
1823	18890	29632
1824	18893	29602
1825	18896	29593
1826	18916	29579
1827	18921	29566
1828	18923	29557
1829	18927	29551
1830	18928	29539
1831	18930	29530
1832	18950	29528
1833	18952	29474
1834	18983	29432
1835	19000	29429
1836	19006	29409
1837	19018	29369
1838	19020	29360
1839	19047	29317
1840	19054	29290
1841	19081	29289
1842	19082	29278
1843	19086	29273
1844	19088	29239
1845	19117	29234
1846	19120	29222
1847	19124	29209
1848	19126	29200
1849	19136	29194
1850	19144	29120
1851	19176	29103
1852	19186	29086
1853	19192	29075
1854	19212	29053
1855	19223	29048
1856	19228	29029
1857	19230	29021
1858	19235	29014
1859	19248	28988
1860	19250	28960
1861	19274	28955
1862	19291	28941
1863	19292	28926
1864	19298	28915
1865	19306	28902
1866	19310	28891
1867	19312	28883
1868	19318	28859
1869	19320	28851
1870	19344	28840
1871	19347	28826
1872	19356	28805
1873	19361	28802
1874	19378	28801
1875	19379	28795
1876	19380	28785
1877	19382	28762
1878	19390	28754
1879	19396	28753
1880	19400	28721
1881	19418	28714
1882	19419	28704
1883	19424	28699
1884	19426	28691
1885	19438	28667
1886	19446	28635
1887	19468	28630
1888	19478	28618
1889	19481	28613
1890	19482	28603
1891	19488	28602
1892	19494	28599
1893	19496	28594
1894	19498	28592
1895	19504	28564
1896	19505	28554
1897	19513	28553
1898	19514	28550
1899	19521	28549
1900	19523	28530
1901	19529	28521
1902	19536	28517
1903	19542	28516
1904	19544	28507
1905	19549	28503
1906	19552	28475
1907	19562	28469
1908	19568	28466
1909	19574	28465
1910	19575	28447
1911	19581	28445
1912	19582	28435
1913	19585	28432
1914	19590	28427
1915	19591	28417
1916	19596	28413
1917	19597	28403
1918	19604	28396
1919	19605	28386
1920	19614	28381
1921	19615	28371
1922	19617	28369
1923	19619	28364
1924	19620	28354
1925	19631	28345
1926	19637	28342
1927	19638	28339
1928	19644	28336
1929	19645	28316
1930	19646	28306
1931	19652	28303
1932	19660	28293
1933	19665	28277
1934	19674	28264
1935	19675	28254
1936	19686	28245
1937	19691	28244
1938	19693	28239
1939	19700	28216
1940	19701	28206
1941	19715	28203
1942	19722	28201
1943	19723	28191
1944	19727	28186
1945	19729	28181
1946	19730	28171
1947	19741	28162
1948	19748	28153
1949	19749	28143
1950	19755	28133
1951	19756	28123
1952	19769	28120
1953	19770	28110
1954	19777	28104
1955	19784	28081
1956	19785	28071
1957	19796	28062
1958	19803	28056
1959	19810	28033
1960	19811	28023
1961	19832	28018
1962	19833	28008
1963	19841	28004
1964	19844	27999
1965	19851	27993
1966	19858	27970
1967	19859	27960
1968	19880	27953
1969	19881	27943
1970	19888	27937
1971	19892	27936
1972	19893	27933
1973	19895	27914
1974	19896	27904
1975	19910	27898
1976	19921	27886
1977	19922	27876
1978	19929	27862
1979	19932	27860
1980	19934	27859
1981	19939	27854
1982	19940	27840
1983	19944	27837
1984	19945	27827
1985	19947	27821
1986	19956	27820
1987	19957	27810
1988	19968	27809
1989	19969	27799
1990	19976	27795
1991	19977	27781
1992	19980	27779
1993	19984	27762
1994	19987	27760
1995	19994	27754
1996	19995	27740
1997	20002	27721
1998	20025	27718
1999	20028	27716
2000	20029	27699
2001	20032	27697
2002	20039	27693
2003	20040	27681
2004	20043	27677
2005	20050	27658
2006	20054	27654
2007	20055	27644
2008	20066	27637
2009	20067	27627
2010	20077	27622
2011	20080	27620
2012	20084	27599
2013	20095	27581
2014	20106	27573
2015	20113	27554
2016	20132	27536
2017	20135	27531
2018	20143	27518
2019	20151	27514
2020	20154	27510
2021	20158	27503
2022	20159	27493
2023	20161	27491
2024	20165	27487
2025	20166	27477
2026	20171	27476
2027	20177	27470
2028	20178	27460
2029	20181	27454
2030	20182	27444
2031	20191	27439
2032	20193	27437
2033	20194	27427
2034	20206	27414
2035	20209	27398
2036	20226	27397
2037	20229	27391
2038	20230	27381
2039	20239	27374
2040	20242	27364
2041	20244	27358
2042	20245	27348
2043	20254	27335
2044	20257	27333
2045	20264	27327
2046	20266	27318
2047	20269	27316
2048	20272	27294
2049	20284	27277
2050	20291	27271
2051	20292	27261
2052	20303	27254
2053	20304	27244
2054	20311	27243
2055	20318	27237
2056	20320	27231
2057	20323	27230
2058	20326	27204
2059	20338	27191
2060	20352	27181
2061	20354	27172
2062	20360	27171
2063	20363	27163
2064	20366	27155
2065	20374	27141
2066	20375	27132
2067	20378	27130
2068	20381	27122
2069	20393	27091
2070	20419	27078
2071	20420	27069
2072	20426	27067
2073	20429	27059
2074	20437	27037
2075	20441	27028
2076	20449	27024
2077	20457	27010
2078	20460	27008
2079	20467	27002
2080	20474	26996
2081	20475	26969
2082	20486	26965
2083	20489	26963
2084	20492	26955
2085	20504	26924
2086	20523	26906
2087	20534	26902
2088	20537	26900
2089	20539	26898
2090	20540	26892
2091	20551	26867
2092	20552	26861
2093	20574	26844
2094	20584	26843
2095	20585	26840
2096	20587	26835
2097	20591	26830
2098	20595	26813
2099	20599	26804
2100	20603	26799
2101	20615	26786
2102	20618	26784
2103	20626	26782
2104	20629	26780
2105	20631	26773
2106	20632	26763
2107	20633	26745
2108	20644	26741
2109	20647	26739
2110	20650	26731
2111	20662	26700
2112	20681	26682
2113	20689	26679
2114	20690	26678
2115	20691	26668
2116	20692	26664
2117	20710	26637
2118	20726	26636
2119	20728	26635
2120	20729	26631
2121	20732	26627
2122	20733	26623
2123	20736	26620
2124	20737	26616
2125	20738	26615
2126	20739	26605
2127	20740	26601
2128	20743	26596
2129	20744	26592
2130	20747	26588
2131	20748	26584
2132	20764	26583
2133	20770	26576
2134	20771	26572
2135	20775	26556
2136	20776	26552
2137	20781	26549
2138	20783	26545
2139	20784	26541
2140	20787	26540
2141	20788	26536
2142	20791	26533
2143	20792	26529
2144	20795	26525
2145	20796	26521
2146	20797	26516
2147	20798	26506
2148	20799	26502
2149	20802	26501
2150	20803	26497
2151	20821	26488
2152	20822	26484
2153	20828	26480
2154	20832	26478
2155	20835	26477
2156	20836	26473
2157	20839	26465
2158	20840	26461
2159	20845	26453
2160	20846	26443
2161	20847	26439
2162	20850	26438
2163	20851	26434
2164	20854	26426
2165	20855	26422
2166	20870	26421
2167	20876	26417
2168	20877	26414
2169	20878	26410
2170	20880	26393
2171	20881	26389
2172	20887	26385
2173	20894	26378
2174	20895	26374
2175	20902	26363
2176	20903	26359
2177	20905	26353
2178	20906	26349
2179	20909	26339
2180	20910	26335
2181	20928	26330
2182	20929	26326
2183	20935	26322
2184	20942	26315
2185	20943	26311
2186	20953	26290
2187	20954	26286
2188	20957	26276
2189	20958	26272
2190	20972	26270
2191	20973	26266
2192	20979	26262
2193	20986	26260
2194	20987	26231
2195	20988	26227
2196	20994	26223
2197	21002	26221
2198	21010	26219
2199	21016	26186
2200	21017	26182
2201	21035	26168
2202	21036	26164
2203	21042	26160
2204	21050	26158
2205	21063	26155
2206	21064	26123
2207	21065	26119
2208	21084	26117
2209	21085	26113
2210	21092	26102
2211	21093	26098
2212	21098	26088
2213	21099	26078
2214	21100	26074
2215	21118	26069
2216	21119	26065
2217	21124	26060
2218	21125	26056
2219	21132	26054
2220	21133	26050
2221	21135	26046
2222	21136	26042
2223	21146	26025
2224	21147	26015
2225	21148	26011
2226	21162	26009
2227	21163	26005
2228	21171	26003
2229	21177	25970
2230	21178	25966
2231	21197	25962
2232	21207	25961
2233	21208	25957
2234	21210	25946
2235	21211	25942
2236	21225	25907
2237	21226	25903
2238	21241	25902
2239	21249	25900
2240	21252	25897
2241	21253	25894
2242	21254	25890
2243	21255	25867
2244	21256	25863
2245	21266	25862
2246	21267	25858
2247	21288	25843
2248	21289	25839
2249	21299	25838
2250	21300	25834
2251	21301	25831
2252	21302	25827
2253	21303	25804
2254	21304	25800
2255	21314	25799
2256	21315	25795
2257	21332	25791
2258	21333	25781
2259	21334	25777
2260	21338	25768
2261	21339	25764
2262	21362	25762
2263	21363	25755
2264	21365	25753
2265	21370	25749
2266	21371	25744
2267	21372	25740
2268	21376	25738
2269	21377	25734
2270	21380	25728
2271	21381	25718
2272	21382	25714
2273	21386	25705
2274	21387	25701
2275	21411	25692
2276	21414	25690
2277	21418	25686
2278	21419	25683
2279	21421	25678
2280	21422	25674
2281	21430	25645
2282	21431	25641
2283	21439	25639
2284	21445	25606
2285	21446	25602
2286	21478	25582
2287	21479	25578
2288	21493	25543
2289	21494	25539
2290	21519	25536
2291	21529	25530
2292	21530	25526
2293	21541	25521
2294	21544	25491
2295	21545	25487
2296	21562	25486
2297	21563	25481
2298	21564	25478
2299	21567	25473
2300	21571	25464
2301	21573	25461
2302	21575	25459
2303	21576	25455
2304	21581	25440
2305	21593	25433
2306	21597	25430
2307	21603	25427
2308	21604	25425
2309	21608	25418
2310	21610	25415
2311	21612	25413
2312	21614	25408
2313	21619	25401
2314	21621	25398
2315	21623	25396
2316	21624	25392
2317	21626	25391
2318	21628	25379
2319	21629	25377
2320	21635	25367
2321	21638	25366
2322	21640	25362
2323	21645	25359
2324	21648	25357
2325	21651	25344
2326	21659	25342
2327	21661	25334
2328	21663	25318
2329	21674	25314
2330	21677	25312
2331	21681	25292
2332	21688	25285
2333	21691	25283
2334	21692	25273
2335	21706	25244
2336	21726	25243
2337	21729	25229
2338	21733	25222
2339	21739	25212
2340	21740	25210
2341	21748	25209
2342	21750	25204
2343	21751	25195
2344	21754	25181
2345	21762	25177
2346	21763	25170
2347	21770	25163
2348	21773	25161
2349	21781	25159
2350	21784	25157
2351	21787	25149
2352	21788	25122
2353	21799	25118
2354	21802	25116
2355	21810	25114
2356	21811	25107
2357	21817	25077
2358	21836	25059
2359	21847	25055
2360	21850	25053
2361	21865	25014
2362	21898	25009
2363	21900	25003
2364	21901	24994
2365	21907	24984
2366	21916	24982
2367	21918	24978
2368	21921	24976
2369	21923	24961
2370	21929	24951
2371	21936	24937
2372	21941	24934
2373	21953	24909
2374	21960	24902
2375	21963	24900
2376	21971	24898
2377	21977	24888
2378	21978	24861
2379	22001	24846
2380	22008	24839
2381	22011	24837
2382	22026	24798
2383	22058	24795
2384	22061	24787
2385	22062	24781
2386	22071	24779
2387	22077	24769
2388	22082	24764
2389	22087	24758
2390	22095	24756
2391	22096	24754
2392	22098	24735
2393	22106	24732
2394	22109	24724
2395	22110	24717
2396	22117	24710
2397	22120	24708
2398	22125	24700
2399	22129	24692
2400	22131	24689
2401	22135	24669
2402	22158	24654
2403	22165	24647
2404	22168	24645
2405	22172	24641
2406	22173	24637
2407	22177	24629
2408	22179	24626
2409	22183	24606
2410	22209	24597
2411	22211	24591
2412	22213	24581
2413	22220	24578
2414	22223	24574
2415	22227	24571
2416	22234	24549
2417	22242	24545
2418	22246	24544
2419	22251	24538
2420	22253	24533
2421	22257	24532
2422	22261	24518
2423	22270	24508
2424	22272	24493
2425	22279	24486
2426	22282	24484
2427	22290	24482
2428	22294	24481
2429	22297	24445
2430	22320	24430
2431	22325	24408
2432	22345	24382
2433	22373	24345
2434	22399	24335
2435	22406	24328
2436	22409	24326
2437	22417	24310
2438	22424	24287
2439	22441	24285
2440	22456	24271
2441	22464	24270
2442	22465	24247
2443	22481	24243
2444	22484	24241
2445	22486	24237
2446	22489	24222
2447	22499	24202
2448	22511	24189
2449	22522	24187
2450	22526	24176
2451	22533	24169
2452	22538	24157
2453	22541	24137
2454	22548	24130
2455	22551	24128
2456	22559	24126
2457	22566	24089
2458	22589	24074
2459	22596	24067
2460	22599	24065
2461	22614	24026
2462	22646	24023
2463	22649	24015
2464	22665	23997
2465	22670	23992
2466	22682	23991
2467	22684	23978
2468	22687	23971
2469	22694	23960
2470	22697	23952
2471	22710	23949
2472	22718	23929
2473	22732	23915
2474	22735	23908
2475	22757	23888
2476	22758	23886
2477	22771	23881
2478	22772	23879
2479	22779	23874
2480	22780	23873
2481	22782	23865
2482	22787	23861
2483	22798	23860
2484	22801	23855
2485	22803	23853
2486	22805	23825
2487	22816	23818
2488	22820	23816
2489	22824	23805
2490	22832	23803
2491	22835	23798
2492	22839	23766
2493	22864	23755
2494	22872	23742
2495	22887	23703
2496	22930	23689
2497	22931	23679
2498	22941	23668
2499	22961	23662
2500	22968	23658
2501	22972	23656
2502	22974	23651
2503	22976	23645
2504	22977	23643
2505	22986	23636
2506	22988	23622
2507	22989	23612
2508	22991	23606
2509	22999	23604
2510	23014	23600
2511	23020	23593
2512	23022	23588
2513	23029	23582
2514	23030	23565
2515	23036	23559
2516	23037	23549
2517	23047	23541
2518	23072	23533
2519	23074	23529
2520	23078	23502
2521	23104	23488
2522	23109	23480
2523	23110	23476
2524	23120	23470
2525	23129	23440
2526	23157	23429
2527	23158	23413
2528	23182	23405
2529	23185	23393
2530	23197	23382
2531	23212	23366
2532	23221	23362
2533	23230	23350
2534	23233	23330
2535	23247	23329
2536	23257	23319
2537	23262	23316
2538	23264	23305
2539	23284	23302
2540	23288	23299
2541	23289	23296
2542	23290	23287
2543	23298	23281
2544	23300	23279
2545	23302	23270
2546	23305	23262
2547	23319	23258
2548	23320	23256
2549	23328	23247
2550	23332	23239
2551	23336	23236
2552	23337	23217
2553	23353	23199
2554	23359	23192
2555	23366	23190
2556	23370	23182
2557	23384	23181
2558	23385	23154
2559	23407	23129
2560	23414	23127
2561	23418	23119
2562	23434	23105
2563	23455	23104
2564	23456	23103
2565	23457	23102
2566	23463	23095
2567	23468	23080
2568	23477	23076
2569	23484	23070
2570	23489	23057
2571	23492	23038
2572	23511	23032
2573	23517	23027
2574	23522	23022
2575	23525	23014
2576	23532	23007
2577	23540	22975
2578	23582	22972
2579	23583	22951
2580	23596	22941
2581	23601	22938
2582	23608	22937
2583	23609	22913
2584	23615	22906
2585	23626	22896
2586	23631	22888
2587	23644	22878
2588	23648	22871
2589	23663	22843
2590	23674	22833
2591	23696	22808
2592	23729	22802
2593	23730	22799
2594	23733	22795
2595	23735	22791
2596	23752	22774
2597	23755	22765
2598	23757	22759
2599	23760	22754
2600	23767	22746
2601	23778	22736
2602	23781	22732
2603	23800	22711
2604	23810	22710
2605	23814	22706
2606	23824	22696
2607	23839	22665
2608	23857	22652
2609	23864	22647
2610	23868	22643
2611	23872	22641
2612	23879	22634
2613	23887	22602
2614	23904	22585
2615	23912	22584
2616	23916	22580
2617	23929	22574
2618	23937	22561
2619	23944	22554
2620	23952	22522
2621	23991	22505
2622	24008	22488
2623	24016	22487
2624	24020	22483
2625	24033	22477
2626	24041	22464
2627	24048	22457
2628	24056	22425
2629	24086	22420
2630	24101	22410
2631	24105	22398
2632	24113	22393
2633	24118	22380
2634	24135	22363
2635	24154	22351
2636	24162	22341
2637	24168	22339
2638	24177	22338
2639	24178	22318
2640	24183	22300
2641	24208	22290
2642	24210	22283
2643	24227	22271
2644	24239	22266
2645	24243	22259
2646	24254	22250
2647	24256	22227
2648	24258	22220
2649	24287	22203
2650	24302	22187
2651	24314	22186
2652	24331	22174
2653	24338	22161
2654	24342	22148
2655	24360	22130
2656	24362	22123
2657	24386	22122
2658	24392	22109
2659	24406	22090
2660	24420	22081
2661	24424	22075
2662	24442	22064
2663	24444	22047
2664	24449	22041
2665	24460	22037
2666	24462	22031
2667	24467	22030
2668	24477	22018
2669	24482	22017
2670	24495	22005
2671	24497	21978
2672	24526	21971
2673	24529	21963
2674	24532	21958
2675	24540	21956
2676	24547	21919
2677	24580	21895
2678	24595	21856
2679	24647	21855
2680	24648	21823
2681	24651	21822
2682	24669	21815
2683	24678	21813
2684	24684	21798
2685	24699	21759
2686	24744	21735
2687	24752	21726
2688	24763	21713
2689	24800	21701
2690	24805	21698
2691	24810	21685
2692	24813	21682
2693	24825	21646
2694	24848	21638
2695	24858	21622
2696	24867	21616
2697	24873	21583
2698	24925	21582
2699	24929	21549
2700	24947	21542
2701	24956	21540
2702	24962	21525
2703	24977	21486
2704	25029	21485
2705	25034	21483
2706	25037	21474
2707	25047	21468
2708	25051	21445
2709	25052	21435
2710	25083	21433
2711	25085	21428
2712	25094	21421
2713	25098	21394
2714	25134	21388
2715	25138	21386
2716	25141	21375
2717	25156	21338
2718	25189	21312
2719	25218	21308
2720	25230	21297
2721	25238	21291
2722	25245	21278
2723	25260	21277
2724	25269	21259
2725	25278	21254
2726	25283	21253
2727	25293	21215
2728	25334	21200
2729	25346	21192
2730	25350	21188
2731	25360	21184
2732	25366	21173
2733	25373	21161
2734	25387	21152
2735	25399	21144
2736	25411	21135
2737	25420	21121
2738	25426	21113
2739	25438	21103
2740	25450	21095
2741	25464	21087
2742	25470	21076
2743	25477	21064
2744	25491	21055
2745	25503	21047
2746	25524	21024
2747	25530	21016
2748	25538	21010
2749	25544	20999
2750	25565	20978
2751	25577	20970
2752	25597	20951
2753	25604	20939
2754	25630	20936
2755	25640	20934
2756	25642	20913
2757	25648	20902
2758	25669	20881
2759	25681	20873
2760	25701	20854
2761	25708	20842
2762	25734	20839
2763	25742	20836
2764	25752	20832
2765	25760	20816
2766	25775	20777
2767	25819	20762
2768	25834	20748
2769	25840	20746
2770	25846	20739
2771	25855	20725
2772	25858	20722
2773	25864	20719
2774	25879	20680
2775	25923	20670
2776	25935	20660
2777	25938	20651
2778	25944	20649
2779	25956	20644
2780	25959	20628
2781	25973	20614
2782	25983	20610
2783	26003	20605
2784	26008	20601
2785	26012	20574
2786	26042	20566
2787	26045	20564
2788	26046	20562
2789	26050	20545
2790	26065	20540
2791	26077	20517
2792	26101	20516
2793	26116	20477
2794	26154	20448
2795	26169	20443
2796	26202	20413
2797	26213	20404
2798	26224	20388
2799	26255	20379
2800	26268	20378
2801	26290	20368
2802	26296	20358
2803	26311	20354
2804	26313	20342
2805	26321	20330
2806	26338	20320
2807	26379	20315
2808	26380	20286
2809	26395	20253
2810	26417	20245
2811	26459	20232
2812	26466	20218
2813	26484	20195
2814	26499	20156
2815	26543	20151
2816	26558	20112
2817	26610	20111
2818	26613	20108
2819	26615	20093
2820	26644	20090
2821	26645	20078
2822	26663	20058
2823	26674	20049
2824	26723	20044
2825	26725	20027
2826	26751	20025
2827	26760	20011
2828	26777	20010
2829	26782	19999
2830	26784	19983
2831	26799	19971
2832	26827	19964
2833	26832	19944
2834	26837	19942
2835	26866	19908
2836	26885	19907
2837	26886	19902
2838	26891	19896
2839	26906	19857
2840	26958	19856
2841	26964	19854
2842	26975	19845
2843	26992	19841
2844	27005	19840
2845	27007	19837
2846	27020	19809
2847	27025	19803
2848	27045	19789
2849	27053	19782
2850	27082	19779
2851	27095	19768
2852	27108	19751
2853	27121	19750
2854	27128	19747
2855	27141	19731
2856	27156	19710
2857	27167	19707
2858	27171	19671
2859	27223	19668
2860	27227	19667
2861	27234	19652
2862	27246	19636
2863	27249	19613
2864	27290	19611
2865	27310	19603
2866	27315	19588
2867	27322	19574
2868	27330	19560
2869	27352	19541
2870	27367	19502
2871	27419	19501
2872	27444	19490
2873	27453	19486
2874	27459	19451
2875	27506	19439
2876	27543	19429
2877	27567	19417
2878	27573	19403
2879	27596	19393
2880	27598	19383
2881	27650	19382
2882	27657	19381
2883	27659	19366
2884	27669	19356
2885	27706	19354
2886	27710	19345
2887	27712	19335
2888	27714	19332
2889	27724	19324
2890	27734	19319
2891	27741	19289
2892	27766	19287
2893	27783	19280
2894	27786	19274
2895	27812	19262
2896	27828	19240
2897	27833	19238
2898	27852	19211
2899	27904	19210
2900	27911	19207
2901	27913	19203
2902	27933	19168
2903	27966	19163
2904	27989	19153
2905	27991	19148
2906	27997	19146
2907	28012	19107
2908	28031	19101
2909	28070	19076
2910	28122	19075
2911	28124	19065
2912	28126	19059
2913	28130	19054
2914	28145	19053
2915	28150	19040
2916	28170	19038
2917	28175	19029
2918	28182	19004
2919	28190	18990
2920	28242	18989
2921	28256	18963
2922	28264	18957
2923	28279	18932
2924	28304	18920
2925	28319	18881
2926	28371	18880
2927	28412	18845
2928	28433	18833
2929	28456	18823
2930	28458	18818
2931	28510	18817
2932	28519	18796
2933	28530	18793
2934	28549	18787
2935	28551	18782
2936	28570	18775
2937	28572	18770
2938	28592	18767
2939	28595	18760
2940	28632	18750
2941	28633	18748
2942	28643	18742
2943	28648	18740
2944	28651	18728
2945	28656	18726
2946	28657	18717
2947	28666	18711
2948	28676	18706
2949	28706	18704
2950	28715	18695
2951	28734	18675
2952	28757	18658
2953	28786	18655
2954	28796	18654
2955	28803	18653
2956	28805	18648
2957	28814	18639
2958	28820	18634
2959	28823	18632
2960	28827	18609
2961	28835	18595
2962	28865	18582
2963	28885	18576
2964	28901	18568
2965	28917	18561
2966	28918	18558
2967	28944	18532
2968	28961	18526
2969	29002	18524
2970	29004	18519
2971	29023	18505
2972	29031	18495
2973	29058	18484
2974	29065	18475
2975	29086	18467
2976	29101	18428
2977	29153	18427
2978	29158	18418
2979	29170	18403
2980	29173	18379
2981	29217	18374
2982	29230	18366
2983	29232	18335
2984	29284	18334
2985	29287	18331
2986	29302	18322
2987	29305	18312
2988	29345	18295
2989	29346	18287
2990	29353	18281
2991	29391	18266
2992	29399	18250
2993	29437	18248
2994	29443	18245
2995	29458	18206
2996	29510	18205
2997	29513	18202
2998	29531	18183
2999	29562	18169
3000	29572	18158
3001	29581	18144
3002	29618	18130
3003	29619	18114
3004	29640	18100
3005	29673	18096
3006	29678	18094
3007	29712	18078
3008	29713	18077
3009	29733	18066
3010	29754	18052
3011	29758	18051
3012	29787	18048
3013	29792	18046
3014	29798	18035
3015	29812	18033
3016	29817	18031
3017	29819	18024
3018	29820	18008
3019	29857	17991
3020	29874	17990
3021	29879	17988
3022	29888	17981
3023	29913	17972
3024	29917	17966
3025	29934	17960
3026	29941	17958
3027	29942	17944
3028	29952	17942
3029	29953	17926
3030	29991	17925
3031	29996	17924
3032	30007	17923
3033	30009	17921
3034	30011	17898
3035	30020	17885
3036	30048	17871
3037	30092	17863
3038	30093	17862
3039	30105	17858
3040	30107	17827
3041	30159	17822
3042	30165	17815
3043	30180	17804
3044	30191	17785
3045	30221	17779
3046	30246	17762
3047	30275	17751
3048	30305	17718
3049	30357	17717
3050	30360	17714
3051	30366	17709
3052	30378	17695
3053	30391	17685
3054	30398	17682
3055	30419	17670
3056	30450	17641
3057	30502	17639
3058	30505	17637
3059	30517	17600
3060	30564	17593
3061	30590	17577
3062	30599	17576
3063	30631	17552
3064	30662	17551
3065	30676	17537
3066	30698	17533
3067	30704	17529
3068	30726	17524
3069	30735	17493
3070	30787	17491
3071	30790	17470
3072	30802	17452
3073	30849	17426
3074	30897	17404
3075	30916	17385
3076	30963	17378
3077	30989	17362
3078	31011	17356
3079	31030	17337
3080	31072	17324
3081	31098	17298
3082	31150	17293
3083	31167	17289
3084	31171	17275
3085	31191	17262
3086	31211	17261
3087	31212	17250
3088	31237	17235
3089	31285	17223
3090	31290	17217
3091	31310	17212
3092	31318	17196
3093	31351	17187
3094	31357	17176
3095	31391	17173
3096	31404	17150
3097	31432	17148
3098	31443	17138
3099	31457	17133
3100	31471	17109
3101	31518	17102
3102	31529	17099
3103	31543	17087
3104	31544	17086
3105	31550	17083
3106	31570	17076
3107	31585	17061
3108	31596	17058
3109	31599	17053
3110	31610	17046
3111	31617	17042
3112	31657	17039
3113	31658	17038
3114	31663	17036
3115	31664	17035
3116	31666	17012
3117	31697	17010
3118	31710	17006
3119	31713	17005
3120	31724	16998
3121	31731	16994
3122	31738	16990
3123	31739	16989
3124	31756	16979
3125	31759	16976
3126	31780	16964
3127	31805	16949
3128	31836	16947
3129	31849	16943
3130	31851	16931
3131	31878	16926
3132	31889	16925
3133	31898	16913
3134	31919	16901
3135	31935	16900
3136	31938	16895
3137	31947	16891
3138	31956	16884
3139	31965	16883
3140	31990	16868
3141	32005	16854
3142	32042	16850
3143	32049	16848
3144	32052	16847
3145	32061	16843
3146	32070	16836
3147	32077	16832
3148	32078	16831
3149	32086	16828
3150	32095	16821
3151	32098	16818
3152	32119	16806
3153	32144	16791
3154	32188	16785
3155	32190	16773
3156	32217	16768
3157	32237	16755
3158	32244	16748
3159	32258	16743
3160	32283	16737
3161	32286	16733
3162	32304	16725
3163	32311	16707
3164	32358	16700
3165	32379	16697
3166	32383	16685
3167	32384	16684
3168	32404	16671
3169	32425	16659
3170	32450	16644
3171	32489	16639
3172	32497	16637
3173	32498	16636
3174	32518	16634
3175	32519	16630
3176	32523	16621
3177	32543	16608
3178	32564	16596
3179	32586	16589
3180	32589	16588
3181	32595	16582
3182	32628	16576
3183	32637	16573
3184	32656	16547
3185	32700	16541
3186	32703	16540
3187	32709	16534
3188	32725	16526
3189	32729	16524
3190	32734	16519
3191	32749	16511
3192	32770	16499
3193	32807	16496
3194	32809	16494
3195	32822	16488
3196	32827	16486
3197	32834	16479
3198	32839	16478
3199	32843	16476
3200	32848	16471
3201	32864	16470
3202	32868	16463
3203	32881	16461
3204	32901	16459
3205	32902	16458
3206	32907	16456
3207	32912	16455
3208	32920	16450
3209	32921	16448
3210	32922	16441
3211	32931	16429
3212	32940	16422
3213	32972	16421
3214	32982	16415
3215	32995	16413
3216	33004	16406
3217	33013	16399
3218	33015	16397
3219	33036	16393
3220	33039	16380
3221	33054	16374
3222	33086	16373
3223	33090	16358
3224	33127	16351
3225	33129	16349
3226	33132	16344
3227	33153	16332
3228	33175	16330
3229	33178	16317
3230	33204	16310
3231	33226	16301
3232	33229	16295
3233	33267	16281
3234	33290	16273
3235	33292	16269
3236	33317	16261
3237	33322	16259
3238	33340	16253
3239	33343	16247
3240	33368	16239
3241	33378	16232
3242	33384	16220
3243	33429	16210
3244	33435	16198
3245	33471	16196
3246	33477	16184
3247	33498	16172
3248	33528	16162
3249	33546	16158
3250	33549	16150
3251	33584	16135
3252	33626	16129
3253	33631	16128
3254	33635	16113
3255	33660	16110
3256	33677	16099
3257	33698	16087
3258	33728	16077
3259	33749	16065
3260	33789	16057
3261	33817	16053
3262	33819	16047
3263	33840	16035
3264	33868	16031
3265	33880	16025
3266	33884	16012
3267	33905	16008
3268	33928	16001
3269	33935	15990
3270	33968	15984
3271	33974	15972
3272	33995	15960
3273	34023	15949
3274	34046	15938
3275	34074	15927
3276	34115	15919
3277	34126	15916
3278	34135	15905
3279	34137	15901
3280	34162	15893
3281	34174	15887
3282	34188	15879
3283	34195	15875
3284	34213	15871
3285	34223	15864
3286	34229	15852
3287	34274	15842
3288	34280	15830
3289	34327	15823
3290	34337	15816
3291	34343	15804
3292	34388	15794
3293	34394	15782
3294	34429	15767
3295	34476	15760
3296	34480	15745
3297	34527	15738
3298	34543	15719
3299	34594	15697
3300	34658	15694
3301	34669	15687
3302	34683	15684
3303	34687	15679
3304	34704	15678
3305	34730	15677
3306	34734	15662
3307	34755	15656
3308	34776	15655
3309	34782	15643
3310	34790	15641
3311	34797	15636
3312	34820	15635
3313	34827	15633
3314	34833	15621
3315	34841	15619
3316	34848	15614
3317	34875	15611
3318	34883	15609
3319	34890	15607
3320	34896	15595
3321	34904	15593
3322	34926	15589
3323	34934	15587
3324	34941	15585
3325	34947	15573
3326	34955	15571
3327	34982	15558
3328	35012	15552
3329	35029	15551
3330	35033	15536
3331	35075	15526
3332	35096	15510
3333	35126	15504
3334	35147	15488
3335	35211	15485
3336	35232	15482
3337	35244	15480
3338	35252	15479
3339	35260	15477
3340	35262	15476
3341	35274	15470
3342	35283	15460
3343	35295	15458
3344	35303	15457
3345	35311	15455
3346	35338	15442
3347	35367	15437
3348	35368	15436
3349	35385	15435
3350	35389	15420
3351	35423	15407
3352	35444	15395
3353	35452	15394
3354	35474	15385
3355	35495	15373
3356	35503	15372
3357	35559	15370
3358	35567	15369
3359	35575	15351
3360	35596	15339
3361	35626	15329
3362	35647	15317
3363	35692	15313
3364	35700	15312
3365	35717	15309
3366	35722	15303
3367	35743	15291
3368	35751	15290
3369	35756	15287
3370	35772	15284
3371	35780	15283
3372	35802	15274
3373	35807	15265
3374	35823	15262
3375	35831	15261
3376	35844	15257
3377	35874	15247
3378	35895	15235
3379	35924	15228
3380	35954	15218
3381	35975	15206
3382	36004	15205
3383	36039	15203
3384	36048	15197
3385	36055	15183
3386	36084	15176
3387	36099	15175
3388	36135	15154
3389	36199	15151
3390	36200	15141
3391	36229	15136
3392	36251	15119
3393	36309	15107
3394	36338	15106
3395	36344	15099
3396	36360	15089
3397	36389	15084
3398	36411	15067
3399	36469	15055
3400	36504	15047
3401	36525	15045
3402	36534	15042
3403	36569	15034
3404	36578	15031
3405	36585	15020
3406	36599	15019
3407	36620	15012
3408	36653	15004
3409	36678	15000
3410	36679	14996
3411	36683	14994
3412	36685	14993
3413	36694	14990
3414	36704	14982
3415	36745	14968
3416	36759	14967
3417	36780	14960
3418	36805	14948
3419	36835	14938
3420	36856	14926
3421	36920	14923
3422	36933	14920
3423	36954	14913
3424	36961	14906
3425	36965	14896
3426	37016	14874
3427	37080	14871
3428	37093	14868
3429	37114	14861
3430	37121	14854
3431	37139	14849
3432	37169	14839
3433	37190	14827
3434	37225	14819
3435	37280	14817
3436	37284	14809
3437	37295	14807
3438	37299	14797
3439	37328	14795
3440	37334	14789
3441	37350	14775
3442	37385	14767
3443	37443	14766
3444	37449	14764
3445	37451	14763
3446	37455	14755
3447	37459	14751
3448	37476	14747
3449	37480	14739
3450	37538	14732
3451	37545	14725
3452	37559	14720
3453	37566	14713
3454	37618	14710
3455	37624	14702
3456	37636	14695
3457	37640	14687
3458	37719	14668
3459	37726	14661
3460	37789	14660
3461	37793	14652
3462	37810	14648
3463	37814	14640
3464	37849	14632
3465	37879	14626
3466	37896	14622
3467	37900	14614
3468	37935	14606
3469	37958	14603
3470	37970	14596
3471	37974	14588
3472	38009	14580
3473	38056	14570
3474	38060	14562
3475	38095	14554
3476	38158	14553
3477	38162	14545
3478	38179	14541
3479	38183	14533
3480	38244	14527
3481	38248	14519
3482	38265	14515
3483	38269	14507
3484	38323	14504
3485	38327	14496
3486	38339	14489
3487	38343	14481
3488	38415	14479
3489	38425	14463
3490	38429	14455
3491	38503	14452
3492	38524	14449
3493	38536	14446
3494	38539	14438
3495	38566	14432
3496	38567	14431
3497	38591	14424
3498	38608	14417
3499	38617	14410
3500	38655	14403
3501	38669	14396
3502	38681	14389
3503	38733	14375
3504	38751	14374
3505	38761	14373
3506	38788	14370
3507	38799	14367
3508	38803	14360
3509	38813	14359
3510	38815	14353
3511	38848	14351
3512	38857	14349
3513	38866	14342
3514	38867	14339
3515	38900	14333
3516	38901	14332
3517	38908	14331
3518	38912	14330
3519	38918	14328
3520	38927	14319
3521	38951	14311
3522	38974	14309
3523	38982	14307
3524	38987	14306
3525	38993	14302
3526	39003	14297
3527	39005	14291
3528	39015	14290
3529	39045	14288
3530	39051	14285
3531	39052	14281
3532	39057	14277
3533	39066	14274
3534	39069	14270
3535	39104	14267
3536	39116	14260
3537	39121	14256
3538	39155	14255
3539	39162	14254
3540	39168	14246
3541	39189	14245
3542	39191	14244
3543	39196	14241
3544	39206	14233
3545	39232	14230
3546	39241	14223
3547	39247	14219
3548	39269	14213
3549	39293	14209
3550	39294	14205
3551	39305	14202
3552	39320	14191
3553	39357	14188
3554	39372	14177
3555	39391	14176
3556	39400	14175
3557	39413	14174
3558	39427	14173
3559	39437	14172
3560	39439	14166
3561	39443	14162
3562	39452	14161
3563	39454	14155
3564	39464	14152
3565	39496	14151
3566	39506	14141
3567	39516	14138
3568	39528	14131
3569	39569	14123
3570	39580	14117
3571	39598	14116
3572	39603	14114
3573	39621	14109
3574	39629	14104
3575	39639	14103
3576	39650	14102
3577	39654	14092
3578	39681	14090
3579	39691	14089
3580	39693	14083
3581	39706	14078
3582	39708	14072
3583	39745	14069
3584	39755	14062
3585	39760	14058
3586	39779	14057
3587	39798	14053
3588	39807	14048
3589	39826	14047
3590	39831	14043
3591	39850	14039
3592	39852	14033
3593	39862	14032
3594	39898	14027
3595	39903	14024
3596	39904	14019
3597	39913	14016
3598	39916	14012
3599	39955	14010
3600	39957	14004
3601	39965	14002
3602	39968	13998
3603	40009	13990
3604	40028	13989
3605	40036	13987
3606	40061	13982
3607	40072	13980
3608	40080	13975
3609	40084	13973
3610	40088	13965
3611	40116	13955
3612	40140	13951
3613	40152	13944
3614	40167	13933
3615	40204	13930
3616	40219	13919
3617	40238	13918
3618	40247	13917
3619	40274	13915
3620	40284	13914
3621	40286	13908
3622	40290	13904
3623	40299	13903
3624	40301	13897
3625	40338	13894
3626	40353	13883
3627	40372	13882
3628	40397	13877
3629	40418	13874
3630	40422	13866
3631	40449	13863
3632	40450	13856
3633	40472	13854
3634	40474	13852
3635	40476	13846
3636	40486	13845
3637	40501	13834
3638	40528	13832
3639	40538	13831
3640	40540	13825
3641	40553	13820
3642	40555	13814
3643	40592	13811
3644	40607	13800
3645	40626	13799
3646	40674	13793
3647	40678	13785
3648	40775	13781
3649	40797	13776
3650	40807	13775
3651	40827	13767
3652	40831	13765
3653	40849	13762
3654	40855	13760
3655	40861	13755
3656	40880	13748
3657	40907	13746
3658	40913	13741
3659	40919	13739
3660	40932	13734
3661	40934	13728
3662	40971	13725
3663	40986	13714
3664	41005	13713
3665	41053	13707
3666	41057	13699
3667	41106	13698
3668	41111	13696
3669	41131	13688
3670	41163	13682
3671	41165	13676
3672	41195	13675
3673	41217	13662
3674	41247	13661
3675	41292	13655
3676	41304	13648
3677	41349	13643
3678	41370	13636
3679	41401	13629
3680	41404	13624
3681	41445	13619
3682	41456	13610
3683	41497	13605
3684	41506	13602
3685	41540	13597
3686	41542	13596
3687	41544	13590
3688	41574	13589
3689	41588	13588
3690	41592	13583
3691	41596	13576
3692	41604	13573
3693	41626	13571
3694	41636	13567
3695	41656	13559
3696	41678	13557
3697	41686	13555
3698	41688	13553
3699	41690	13547
3700	41738	13541
3701	41742	13533
3702	41829	13529
3703	41835	13524
3704	41857	13523
3705	41876	13519
3706	41885	13516
3707	41891	13515
3708	41913	13513
3709	41919	13511
3710	41923	13509
3711	41925	13503
3712	41967	13502
3713	41971	13497
3714	41977	13489
3715	41983	13487
3716	42005	13485
3717	42015	13481
3718	42035	13473
3719	42057	13471
3720	42065	13469
3721	42067	13467
3722	42069	13461
3723	42117	13455
3724	42121	13447
3725	42218	13443
3726	42236	13437
3727	42268	13433
3728	42270	13429
3729	42292	13427
3730	42302	13423
3731	42304	13417
3732	42350	13416
3733	42356	13403
3734	42402	13402
3735	42412	13399
3736	42432	13398
3737	42434	13392
3738	42464	13385
3739	42486	13378
3740	42565	13377
3741	42573	13374
3742	42579	13367
3743	42620	13364
3744	42629	13361
3745	42635	13360
3746	42647	13355
3747	42667	13354
3748	42669	13348
3749	42699	13341
3750	42721	13334
3751	42727	13332
3752	42749	13330
3753	42759	13326
3754	42779	13318
3755	42801	13316
3756	42809	13314
3757	42811	13312
3758	42813	13306
3759	42861	13300
3760	42865	13292
3761	42949	13291
3762	42953	13283
3763	42980	13282
3764	43012	13278
3765	43014	13274
3766	43036	13272
3767	43046	13268
3768	43048	13262
3769	43094	13261
3770	43100	13248
3771	43146	13247
3772	43156	13244
3773	43188	13239
3774	43204	13238
3775	43206	13231
3776	43208	13230
3777	43260	13225
3778	43296	13221
3779	43323	13212
3780	43379	13210
3781	43387	13207
3782	43388	13205
3783	43391	13200
3784	43425	13198
3785	43440	13197
3786	43441	13187
3787	43443	13186
3788	43489	13185
3789	43495	13181
3790	43507	13180
3791	43511	13172
3792	43526	13171
3793	43559	13168
3794	43571	13162
3795	43611	13154
3796	43633	13152
3797	43641	13150
3798	43643	13148
3799	43645	13142
3800	43690	13141
3801	43693	13136
3802	43697	13128
3803	43761	13127
3804	43772	13123
3805	43776	13115
3806	43844	13114
3807	43846	13110
3808	43864	13102
3809	43880	13098
3810	43896	13096
3811	43932	13084
3812	43950	13076
3813	44011	13071
3814	44017	13069
3815	44038	13067
3816	44040	13066
3817	44049	13063
3818	44069	13055
3819	44099	13051
3820	44101	13049
3821	44103	13043
3822	44151	13037
3823	44155	13029
3824	44252	13025
3825	44266	13024
3826	44270	13016
3827	44304	13011
3828	44336	13005
3829	44338	12999
3830	44384	12998
3831	44390	12985
3832	44436	12984
3833	44446	12981
3834	44494	12975
3835	44498	12967
3836	44561	12963
3837	44599	12959
3838	44608	12958
3839	44613	12949
3840	44660	12944
3841	44668	12941
3842	44681	12937
3843	44700	12935
3844	44720	12927
3845	44733	12923
3846	44752	12921
3847	44754	12915
3848	44782	12912
3849	44802	12909
3850	44806	12901
3851	44881	12899
3852	44893	12897
3853	44899	12892
3854	44901	12891
3855	44931	12887
3856	44933	12885
3857	44935	12879
3858	44983	12873
3859	44987	12865
3860	45041	12857
3861	45047	12855
3862	45069	12853
3863	45079	12849
3864	45099	12841
3865	45121	12839
3866	45129	12837
3867	45131	12835
3868	45133	12829
3869	45181	12823
3870	45185	12815
3871	45282	12811
3872	45300	12805
3873	45330	12803
3874	45332	12801
3875	45334	12797
3876	45356	12795
3877	45366	12791
3878	45368	12785
3879	45414	12784
3880	45420	12771
3881	45466	12770
3882	45476	12767
3883	45524	12761
3884	45528	12753
3885	45580	12748
3886	45629	12745
3887	45643	12735
3888	45699	12733
3889	45708	12728
3890	45711	12723
3891	45745	12721
3892	45763	12709
3893	45809	12708
3894	45815	12704
3895	45827	12703
3896	45831	12695
3897	45879	12691
3898	45888	12688
3899	45891	12685
3900	45931	12677
3901	45953	12675
3902	45961	12673
3903	45963	12671
3904	45965	12665
3905	46013	12659
3906	46017	12651
3907	46112	12650
3908	46114	12647
3909	46123	12644
3910	46126	12641
3911	46129	12640
3912	46164	12637
3913	46166	12633
3914	46184	12625
3915	46200	12621
3916	46216	12619
3917	46241	12618
3918	46252	12607
3919	46270	12599
3920	46327	12592
3921	46360	12589
3922	46382	12583
3923	46386	12575
3924	46443	12569
3925	46504	12565
3926	46505	12555
3927	46551	12554
3928	46562	12548
3929	46586	12547
3930	46590	12539
3931	46621	12531
3932	46662	12526
3933	46678	12525
3934	46724	12524
3935	46725	12521
3936	46728	12519
3937	46729	12513
3938	46785	12512
3939	46786	12507
3940	46796	12499
3941	46825	12495
3942	46828	12493
3943	46878	12481
3944	46882	12473
3945	46964	12469
3946	47005	12464
3947	47016	12461
3948	47031	12455
3949	47063	12449
3950	47098	12443
3951	47102	12435
3952	47117	12429
3953	47163	12428
3954	47210	12423
3955	47221	12419
3956	47225	12411
3957	47329	12410
3958	47332	12409
3959	47336	12401
3960	47337	12391
3961	47383	12390
3962	47406	12387
3963	47407	12385
3964	47418	12383
3965	47422	12375
3966	47460	12367
3967	47506	12366
3968	47552	12365
3969	47560	12355
3970	47603	12351
3971	47627	12347
3972	47657	12331
3973	47703	12330
3974	47746	12329
3975	47750	12323
3976	47787	12321
3977	47790	12319
3978	47800	12316
3979	47826	12315
3980	47836	12314
3981	47840	12307
3982	47844	12299
3983	47880	12295
3984	47946	12290
3985	47947	12287
3986	47961	12286
3987	47993	12281
3988	48022	12280
3989	48025	12275
3990	48060	12269
3991	48064	12261
3992	48079	12255
3993	48125	12254
3994	48170	12251
3995	48172	12249
3996	48183	12245
3997	48187	12237
3998	48275	12233
3999	48281	12226
4000	48299	12217
4001	48345	12216
4002	48368	12213
4003	48369	12211
4004	48380	12209
4005	48384	12201
4006	48422	12193
4007	48468	12192
4008	48510	12189
4009	48516	12182
4010	48522	12181
4011	48565	12177
4012	48589	12173
4013	48611	12172
4014	48619	12157
4015	48665	12156
4016	48708	12155
4017	48712	12149
4018	48739	12146
4019	48762	12142
4020	48788	12141
4021	48798	12140
4022	48806	12138
4023	48812	12137
4024	48831	12131
4025	48842	12121
4026	48908	12116
4027	48909	12113
4028	48923	12112
4029	48977	12107
4030	48984	12106
4031	49010	12103
4032	49018	12102
4033	49028	12095
4034	49062	12091
4035	49069	12090
4036	49092	12085
4037	49107	12082
4038	49131	12080
4039	49132	12077
4040	49152	12075
4041	49158	12068
4042	49204	12067
4043	49212	12063
4044	49237	12059
4045	49243	12052
4046	49304	12046
4047	49320	12045
4048	49338	12042
4049	49375	12039
4050	49376	12034
4051	49381	12032
4052	49424	12028
4053	49432	12027
4054	49448	12024
4055	49470	12023
4056	49472	12015
4057	49478	12008
4058	49524	12007
4059	49555	12001
4060	49573	11998
4061	49619	11997
4062	49621	11993
4063	49647	11992
4064	49652	11989
4065	49671	11988
4066	49693	11987
4067	49695	11979
4068	49701	11972
4069	49762	11971
4070	49768	11964
4071	49796	11962
4072	49843	11957
4073	49863	11954
4074	49877	11953
4075	49887	11946
4076	49921	11942
4077	49928	11941
4078	49951	11936
4079	49972	11929
4080	49991	11928
4081	50046	11926
4082	50059	11922
4083	50065	11921
4084	50086	11918
4085	50106	11916
4086	50112	11909
4087	50157	11904
4088	50163	11897
4089	50197	11893
4090	50241	11892
4091	50262	11885
4092	50306	11882
4093	50327	11881
4094	50329	11880
4095	50335	11873
4096	50373	11869
4097	50379	11862
4098	50386	11861
4099	50426	11856
4100	50432	11849
4101	50478	11848
4102	50505	11847
4103	50511	11840
4104	50569	11839
4105	50575	11834
4106	50592	11832
4107	50625	11829
4108	50629	11826
4109	50636	11825
4110	50649	11820
4111	50655	11813
4112	50716	11812
4113	50722	11805
4114	50761	11804
4115	50777	11800
4116	50798	11798
4117	50801	11796
4118	50825	11787
4119	50831	11780
4120	50905	11777
4121	50938	11776
4122	50945	11769
4123	50974	11765
4124	51027	11764
4125	51035	11762
4126	51051	11760
4127	51067	11756
4128	51075	11751
4129	51081	11744
4130	51115	11743
4131	51121	11736
4132	51195	11733
4133	51224	11729
4134	51234	11725
4135	51240	11718
4136	51341	11715
4137	51349	11714
4138	51365	11707
4139	51371	11700
4140	51450	11695
4141	51484	11689
4142	51490	11682
4143	51557	11680
4144	51564	11679
4145	51570	11675
4146	51604	11674
4147	51610	11667
4148	51626	11662
4149	51689	11658
4150	51729	11653
4151	51739	11646
4152	51794	11642
4153	51820	11639
4154	51827	11638
4155	51833	11631
4156	51873	11626
4157	51900	11623
4158	51916	11618
4159	51945	11617
4160	51963	11614
4161	51979	11613
4162	51989	11610
4163	52003	11605
4164	52009	11598
4165	52033	11597
4166	52049	11593
4167	52123	11587
4168	52146	11586
4169	52152	11579
4170	52192	11578
4171	52211	11575
4172	52245	11574
4173	52250	11573
4174	52253	11569
4175	52259	11562
4176	52283	11561
4177	52299	11554
4178	52314	11552
4179	52339	11549
4180	52402	11543
4181	52418	11536
4182	52433	11534
4183	52458	11531
4184	52485	11524
4185	52491	11517
4186	52564	11516
4187	52589	11513
4188	52604	11506
4189	52610	11499
4190	52683	11498
4191	52708	11495
4192	52735	11488
4193	52741	11481
4194	52804	11480
4195	52828	11479
4196	52837	11476
4197	52843	11469
4198	52860	11463
4199	52931	11460
4200	52957	11459
4201	52980	11458
4202	52981	11454
4203	53010	11453
4204	53012	11450
4205	53018	11443
4206	53035	11442
4207	53061	11439
4208	53094	11436
4209	53109	11434
4210	53141	11432
4211	53148	11430
4212	53154	11423
4213	53194	11419
4214	53211	11415
4215	53251	11410
4216	53268	11407
4217	53280	11406
4218	53286	11399
4219	53327	11394
4220	53370	11392
4221	53390	11391
4222	53399	11388
4223	53405	11381
4224	53454	11378
4225	53460	11371
4226	53492	11370
4227	53512	11368
4228	53532	11365
4229	53536	11363
4230	53544	11362
4231	53563	11361
4232	53574	11358
4233	53581	11356
4234	53611	11352
4235	53622	11345
4236	53628	11338
4237	53669	11335
4238	53709	11330
4239	53752	11323
4240	53788	11317
4241	53828	11312
4242	53866	11310
4243	53884	11308
4244	53913	11306
4245	53914	11297
4246	53920	11290
4247	53979	11288
4248	54038	11281
4249	54078	11276
4250	54126	11270
4251	54151	11269
4252	54157	11262
4253	54176	11260
4254	54223	11259
4255	54225	11251
4256	54231	11244
4257	54271	11240
4258	54328	11238
4259	54334	11231
4260	54392	11229
4261	54407	11226
4262	54446	11225
4263	54458	11224
4264	54464	11217
4265	54487	11214
4266	54505	11212
4267	54515	11211
4268	54521	11204
4269	54567	11199
4270	54582	11194
4271	54642	11193
4272	54701	11191
4273	54704	11190
4274	54708	11184
4275	54710	11183
4276	54714	11181
4277	54741	11180
4278	54759	11174
4279	54794	11172
4280	54806	11169
4281	54824	11168
4282	54826	11165
4283	54832	11158
4284	54848	11157
4285	54878	11153
4286	54960	11147
4287	54984	11145
4288	54991	11143
4289	55027	11139
4290	55033	11132
4291	55088	11128
4292	55098	11121
4293	55116	11120
4294	55150	11118
4295	55186	11113
4296	55192	11106
4297	55256	11104
4298	55262	11097
4299	55323	11096
4300	55329	11089
4301	55369	11087
4302	55384	11082
4303	55417	11080
4304	55427	11074
4305	55433	11073
4306	55439	11066
4307	55512	11061
4308	55575	11059
4309	55601	11054
4310	55607	11053
4311	55634	11046
4312	55661	11040
4313	55683	11037
4314	55689	11030
4315	55763	11029
4316	55778	11024
4317	55825	11023
4318	55867	11018
4319	55887	11013
4320	55893	11006
4321	55899	11005
4322	55911	11004
4323	55947	10999
4324	55953	10992
4325	56005	10989
4326	56028	10988
4327	56044	10987
4328	56074	10983
4329	56103	10980
4330	56146	10979
4331	56149	10976
4332	56155	10975
4333	56167	10974
4334	56178	10971
4335	56197	10963
4336	56203	10956
4337	56255	10953
4338	56291	10948
4339	56297	10941
4340	56388	10936
4341	56442	10933
4342	56458	10927
4343	56459	10926
4344	56493	10925
4345	56511	10923
4346	56531	10921
4347	56541	10912
4348	56547	10905
4349	56638	10900
4350	56692	10897
4351	56708	10891
4352	56771	10889
4353	56786	10882
4354	56803	10875
4355	56857	10870
4356	56913	10864
4357	56947	10861
4358	56994	10858
4359	57017	10854
4360	57021	10853
4361	57036	10846
4362	57083	10843
4363	57089	10836
4364	57095	10835
4365	57107	10834
4366	57139	10832
4367	57143	10829
4368	57149	10822
4369	57201	10819
4370	57257	10813
4371	57291	10810
4372	57345	10806
4373	57383	10802
4374	57389	10796
4375	57393	10793
4376	57399	10786
4377	57451	10783
4378	57487	10778
4379	57493	10771
4380	57632	10770
4381	57637	10768
4382	57638	10763
4383	57643	10761
4384	57689	10755
4385	57727	10753
4386	57737	10742
4387	57743	10735
4388	57882	10734
4389	57888	10727
4390	57920	10726
4391	57940	10724
4392	57976	10719
4393	57982	10712
4394	58043	10710
4395	58092	10703
4396	58114	10702
4397	58133	10701
4398	58178	10696
4399	58184	10695
4400	58190	10688
4401	58226	10683
4402	58232	10676
4403	58293	10674
4404	58329	10669
4405	58335	10662
4406	58424	10659
4407	58459	10658
4408	58477	10656
4409	58480	10654
4410	58485	10652
4411	58513	10651
4412	58519	10644
4413	58579	10633
4414	58585	10626
4415	58674	10623
4416	58730	10618
4417	58762	10617
4418	58763	10615
4419	58769	10608
4420	58824	10603
4421	58913	10600
4422	58919	10596
4423	58934	10594
4424	58956	10593
4425	59002	10592
4426	59008	10585
4427	59032	10579
4428	59068	10574
4429	59074	10567
4430	59163	10564
4431	59206	10557
4432	59252	10556
4433	59258	10549
4434	59319	10547
4435	59355	10542
4436	59361	10535
4437	59445	10534
4438	59450	10532
4439	59505	10530
4440	59510	10521
4441	59516	10514
4442	59605	10506
4443	59611	10499
4444	59695	10498
4445	59700	10496
4446	59755	10491
4447	59761	10487
4448	59844	10483
4449	59850	10476
4450	59939	10473
4451	59963	10467
4452	59999	10462
4453	60005	10455
4454	60058	10452
4455	60094	10447
4456	60100	10440
4457	60189	10437
4458	60244	10435
4459	60250	10428
4460	60292	10423
4461	60376	10422
4462	60401	10420
4463	60427	10419
4464	60436	10418
4465	60442	10411
4466	60452	10408
4467	60488	10407
4468	60536	10394
4469	60542	10387
4470	60626	10386
4471	60686	10382
4472	60692	10375
4473	60775	10371
4474	60781	10364
4475	60890	10361
4476	60925	10359
4477	60931	10352
4478	60977	10348
4479	60983	10347
4480	60989	10340
4481	61025	10335
4482	61031	10328
4483	61175	10323
4484	61181	10316
4485	61243	10311
4486	61327	10310
4487	61358	10307
4488	61378	10305
4489	61393	10299
4490	61472	10288
4491	61478	10281
4492	61622	10276
4493	61628	10269
4494	61690	10264
4495	61732	10252
4496	61882	10240
4497	62015	10235
4498	62021	10228
4499	62111	10226
4500	62125	10225
4501	62165	10223
4502	62171	10216
4503	62179	10205
4504	62329	10193
4505	62462	10188
4506	62468	10181
4507	62558	10179
4508	62612	10176
4509	62618	10169
4510	62676	10167
4511	62787	10165
4512	62795	10160
4513	62826	10155
4514	62926	10153
4515	62959	10150
4516	62965	10143
4517	63017	10142
4518	63055	10141
4519	63109	10138
4520	63115	10131
4521	63167	10130
4522	63269	10123
4523	63292	10122
4524	63298	10113
4525	63448	10101
4526	63544	10100
4527	63581	10096
4528	63587	10089
4529	63600	10087
4530	63731	10084
4531	63737	10077
4532	63750	10075
4533	63827	10072
4534	63914	10068
4535	63918	10055
4536	63969	10051
4537	64056	10050
4538	64068	10043
4539	64119	10039
4540	64197	10034
4541	64273	10033
4542	64274	10027
4543	64286	10025
4544	64347	10022
4545	64374	10018
4546	64393	10014
4547	64403	10012
4548	64416	10004
4549	64503	10003
4550	64515	10002
4551	64545	9991
4552	64644	9987
4553	64695	9979
4554	64794	9975
4555	64821	9971
4556	64862	9965
4557	64863	9959
4558	64962	9955
4559	64992	9944
4560	65112	9943
4561	65142	9932
4562	65296	9930
4563	65310	9912
4564	65460	9900
4565	65617	9891
4566	65689	9886
4567	65768	9884
4568	65785	9871
4569	65935	9859
4570	66111	9852
4571	66112	9850
4572	66164	9845
4573	66243	9843
4574	66261	9840
4575	66282	9833
4576	66393	9831
4577	66429	9820
4578	66579	9808
4579	66661	9807
4580	66736	9799
4581	66789	9797
4582	66808	9794
4583	66887	9792
4584	66904	9779
4585	67054	9767
4586	67231	9758
4587	67283	9753
4588	67362	9751
4589	67401	9741
4590	67512	9739
4591	67551	9729
4592	67728	9720
4593	67780	9715
4594	67859	9713
4595	67908	9705
4596	68009	9701
4597	68058	9693
4598	68235	9684
4599	68287	9679
4600	68366	9677
4601	68464	9670
4602	68516	9665
4603	68654	9664
4604	68694	9661
4605	68745	9651
4606	68883	9650
4607	68923	9647
4608	69002	9645
4609	69051	9637
4610	69112	9636
4611	69152	9633
4612	69201	9625
4613	69378	9616
4614	69430	9611
4615	69509	9609
4616	69607	9602
4617	69659	9597
4618	69797	9596
4619	69876	9594
4620	69888	9583
4621	70026	9582
4622	70209	9581
4623	70249	9579
4624	70255	9568
4625	70438	9567
4626	70478	9565
4627	70490	9562
4628	70530	9560
4629	70668	9559
4630	70713	9556
4631	70719	9548
4632	70759	9546
4633	70897	9545
4634	71080	9541
4635	71086	9533
4636	71126	9531
4637	71309	9530
4638	71361	9525
4639	71440	9523
4640	71578	9522
4641	71584	9519
4642	71590	9511
4643	71728	9510
4644	71807	9508
4645	71951	9504
4646	71957	9496
4647	72172	9495
4648	72310	9494
4649	72326	9493
4650	72361	9490
4651	72485	9489
4652	72533	9488
4653	72539	9480
4654	72693	9478
4655	72722	9477
4656	72728	9475
4657	72939	9474
4658	73067	9473
4659	73083	9470
4660	73089	9462
4661	73304	9461
4662	73310	9459
4663	73464	9457
4664	73502	9456
4665	73513	9455
4666	73665	9454
4667	73671	9446
4668	73825	9444
4669	73863	9443
4670	73874	9442
4671	74046	9441
4672	74084	9440
4673	74095	9439
4674	74306	9438
4675	74353	9437
4676	74391	9436
4677	74402	9435
4678	74407	9428
4679	74445	9427
4680	74456	9426
4681	74827	9424
4682	74865	9423
4683	74876	9422
4684	74935	9421
4685	74973	9420
4686	74984	9419
4687	75355	9417
4688	75393	9416
4689	75404	9415
4690	75723	9414
4691	75896	9413
4692	76632	9412
4693	76716	9410
4694	76754	9409
4695	76765	9408
4696	77836	9407
4697	77847	9406
4698	78176	9405
4699	78187	9404
4700	79258	9403
4701	79269	9402
